1.702781620849451172e-01
2.113794055792864501e+00
3.993208380586155126e-01
3.189952925842676756e-01
5.981378326358519626e-01
1.125873917692460147e+00
6.884470376338934772e-01
2.866872931728245977e-01
1.761893182626040666e+00
1.713107987776842922e+00
5.008700392887522890e-01
2.379544377603228789e+00
2.003996845431531337e+00
5.105772765701103166e-01
2.698865605866548556e+00
7.434125947234844212e-01
8.427242154191265655e-01
1.769915168811624140e+00
1.818303255446594324e+00
4.868799860556087267e-01
2.325373299758500156e+00
1.722842500625865414e+00
1.737629861678918530e+00
1.089693923430261169e+00
2.093930609576792057e-01
1.866581221922574585e+00
2.798776832482132160e-01
2.852038663048346856e-01
4.203879034458503638e-01
1.675884412896201603e+00
3.729501844146893008e-01
6.470547911527282370e-01
6.295810332736837545e-01
3.382669457899836196e-01
7.291363749620060064e-01
6.855353055033879262e-01
5.063567886295321507e-01
1.913993890502526218e+00
4.014954951301794583e-01
2.772493022739918600e-01
1.104362109865561159e+00
6.617612569101979370e-01
1.032239718163732611e+00
1.443556294765673043e+00
7.968520265210364828e-01
4.552723402122859087e-01
2.556677612896595342e+00
4.620520360033777973e-01
1.409594530691390846e+00
5.927057989508242031e-01
6.665257913667366196e-01
6.610749663108951957e+00
1.358005802629483005e+00
1.654836928682452968e-01
4.116036904383650885e-01
3.720666356799865238e+00
4.410439077181657619e-01
2.687358332701282215e+00
1.970602072999996235e-01
1.559292029251505785e+00
1.946396400259917669e+00
5.341338405412654478e-01
1.530233813852269753e+00
3.319144071273382735e-01
6.691682276837700449e-01
3.007538807612728071e+00
6.641536715499707366e-01
2.003674113661049194e+00
4.466840261770520515e-01
1.093156878222010686e+00
4.351192893461253708e-01
3.812009260651185727e+00
9.524349586138668444e-01
1.408347424299728701e+00
3.827105868907064945e+00
2.420750109234333980e+00
7.896889008649312647e-01
7.740559203012775669e-01
5.938806506830439647e-01
6.934013526251547876e-01
8.648414463528842910e-01
1.537075535238815904e+00
1.100619244178983491e+00
1.707372409463431495e+00
8.416964834522108196e-01
1.077443194770436596e+00
5.285593241540094134e-01
3.362691956128074366e-01
3.619033720585060898e+00
8.326099452724482486e-01
8.238553227926326272e-01
1.632340118907728677e+00
1.311597442397683722e+00
5.810910433310927381e-01
2.529134252689161144e+00
1.721897348861130439e+00
3.938874981970590938e-01
7.036276056143578872e-01
1.744381048104989507e+00
2.569838110021640531e+00
1.391623779293846397e+00
5.549389070863585127e-01
6.699412326985920707e-01
6.762951267285476353e-01
8.816698840694711103e-01
3.998960603933752189e+00
7.631089452649315596e-01
1.193347173869658162e+00
2.513912590157143967e+00
3.576736239992266420e+00
3.860755782311935946e-01
1.363730062218721395e+00
3.502482680525428549e+00
3.853939213361644800e+00
6.342659829587427023e-01
5.242838936900774405e-01
7.507046881092572788e-01
2.819473483493499355e+00
4.078178606996274436e-01
1.125546361289529340e+00
9.297399627848907944e-01
1.055966449294314158e+00
1.010566413151484433e+00
3.564034513541819216e+00
4.287039511574508133e+00
1.128086863662463246e+00
1.325910778017951985e+00
9.958156419384224245e-01
4.243178849948294307e+00
1.185713124746003766e+00
2.473968385831219585e+00
4.453754071262547298e-01
9.575643004433139760e-01
2.163085688755805869e+00
1.012084351478061528e+00
2.815484779718893660e-01
8.285207508257985687e-01
3.290006607168340036e+00
1.062335529680707769e+00
2.663185526668661041e-01
3.430534151987825742e-01
1.924079091391842633e-01
2.563141279136583184e-01
1.094373639173044754e+00
6.508018066798598733e-01
2.029577812006864601e+00
3.954450107797538583e-01
2.682233804305750868e-01
6.603320785203430354e-01
9.831252427570613683e-01
2.462461382818936340e+00
1.127371746124434138e+00
2.440762442089585260e+00
6.015279879034912680e-01
1.013159035293107468e+00
4.259080199510149600e-01
9.931608594139410551e-01
1.240191455897966977e+00
6.796092176195266399e-01
6.062471649512464200e-01
7.207398253575617586e-01
1.002597257851965962e+00
1.756071379448441050e+00
1.203204711610097677e+00
1.580178465858669834e-01
1.455582796825860781e+00
1.191956484716517606e+00
6.069403854318852209e-01
1.599362870623565192e+00
8.109673843600340160e-01
5.777715586737244280e-01
2.231305070295545034e-01
1.359364783111133956e+00
4.265751022226610956e-01
1.639155933037500512e+00
1.002352329939617759e+00
3.683247454446195057e+00
3.060669736555999276e-01
2.310651256070889836e+00
1.554043121680557027e+00
2.368912327658101724e-01
3.070363530842929567e+00
5.364041323953268048e-01
2.578693549537740992e+00
1.468550299405961823e+00
1.663444972911888753e+00
2.073041558469924883e+00
1.525283805707105422e+00
1.749369917977952493e+00
1.245324904255307175e+00
1.615742508382861820e+00
7.946647837985403307e-01
2.039278166280163784e+00
6.309282449941170379e-01
1.706252754611161215e+00
1.734349259582270042e+00
1.826526534384181000e+00
1.978699391555651443e+00
8.607069290575077858e-01
2.976935717376884005e-01
1.036190188282290148e+00
2.165253857768680401e+00
1.732566070073033426e+00
1.522647425072803928e+00
2.080529227670654180e+00
1.449166811353531648e+00
7.500105470810436437e-01
1.150083932141961363e+00
4.175216167403334455e-01
4.362162462544726949e-01
2.223026848716167958e+00
1.176912001473377156e+00
9.446875656452414782e-01
6.532634263340314495e-01
1.870913261703002428e+00
4.865924705761638935e-01
6.497503646585760517e-01
2.243160185924010896e+00
2.817258664631297371e+00
2.696364958177432380e-01
3.754383916288669187e+00
1.316255661534068810e+00
5.985890963406153009e-01
1.141043887827000169e+00
4.200453305290192674e-01
7.570611081665377995e+00
2.655596688248461845e+00
1.232149083982152948e+00
3.276727393081770301e-01
5.824815622851472474e-01
4.482755968330781049e-01
9.073492254419933678e-01
3.319365938677412142e+00
3.498170007096915057e+00
3.506113297248042993e-01
6.533482559617830310e-01
1.295641481459980815e+00
2.679434468203362840e+00
9.491801192397935072e-01
3.859294099621936702e+00
1.173677705011746175e+00
2.186757841425303606e-01
7.991076691043874636e-01
4.981912955644791641e-01
6.666351694911882841e-01
8.755522796101404825e-01
4.032927339136300748e-01
1.613250994399550775e+00
2.229669331244390484e+00
1.654493224224268810e-01
