	alpha	beta	genescale
gene_0	0.23538756084161208	2.169974836426455	1.1977510653058878
gene_1	0.27772793392008166	2.689285021850651	2.09877117906028
gene_2	0.12776324687567478	2.8152141541372435	1.8572976365370188
gene_3	0.16288851939977925	2.831856261220248	4.6912916104955436
gene_4	0.3255218770946304	1.8195087865919546	4.830158637673393
gene_5	0.12970256416932163	2.2154488450032916	1.5115194547712254
gene_6	0.29768939466126526	2.143888823649031	2.8608500543579853
gene_7	0.3173015203096567	2.024596524317128	1.192997844043062
gene_8	0.41696717563963553	2.332338667632216	13.6092159112318
gene_9	0.28843867412048085	1.7510998013288122	17.667023922371555
gene_10	0.14680425416814497	1.9261648125275803	1.439125800428941
gene_11	0.17347081026371738	1.6075083746823442	0.23450096107031748
gene_12	0.14739447809199435	1.836258789903245	1.6227115367662754
gene_13	0.20002417452345747	2.0324230665951233	1.0574345848162885
gene_14	0.17740053267383574	2.5028387424509635	13.638872682226602
gene_15	0.11649104849751807	1.9353927821425208	2.4268225298806176
gene_16	0.2455014755052994	1.8249026744409842	7.937769277236658
gene_17	0.26805746359883054	2.445897616805632	1.4272337936471753
gene_18	0.3346152232331537	2.0356785362787866	7.704843995524041
gene_19	0.22822509915002648	1.9894567087544845	3.9383720065993337
gene_20	0.1805497525845546	2.148587192622926	1.4120124828775553
gene_21	0.1544259175802249	3.686804505358939	0.4504080065697999
gene_22	0.11481597394164765	1.516180604751394	2.1371768401106506
gene_23	0.18461584304728967	1.9652206896943238	0.9909195528823269
gene_24	0.20669103855316642	1.394397778816569	3.958648577492878
gene_25	0.24785063577850147	2.191382748363483	7.760760290057965
gene_26	0.2537892858444665	1.4386099358000868	2.9747294645268454
gene_27	0.19581412128176806	1.5975208493126882	1.806008071946514
gene_28	0.14891647704141048	1.8739586237683155	2.35780982140321
gene_29	0.25357071633562345	1.7438229041863595	1.2674099916977093
gene_30	0.18809007179165768	1.646199449185058	0.675365751636406
gene_31	0.2732695331382532	2.3017190322838674	2.056560566251742
gene_32	0.14828248257533092	1.2346356531073317	2.143957085968877
gene_33	0.1792930247772618	2.7491620693918644	1.219338033618165
gene_34	0.1403105564885851	2.058613638826487	0.12235384645799974
gene_35	0.22561156677153152	1.7838621635965395	2.2278032317790184
gene_36	0.23428478814563525	1.5254874316869538	2.745160959802534
gene_37	0.2430306275566999	1.7055464519786077	0.4698769470209093
gene_38	0.19953954254483025	2.6959000969747846	0.7610512714253352
gene_39	0.15117130911373586	2.4370540495932977	2.5000531768910155
gene_40	0.3010344080360334	1.9305965539102663	1.591883523575464
gene_41	0.19224747778242948	1.89994478714037	4.105880409970646
gene_42	0.2020066582711249	1.4432821761054342	1.1760429042465252
gene_43	0.17913393303706465	2.9301758850756956	1.508535289679185
gene_44	0.16980938419437616	1.7583407025196354	2.8470385994874072
gene_45	0.13552126086154975	1.7844492230240687	0.9353781603839462
gene_46	0.18126172304560775	2.880082034492811	2.6486279350407886
gene_47	0.17564872770069676	1.6283158120605157	1.4665234298135839
gene_48	0.30201450352243103	2.5845566178391213	1.3744399707469486
gene_49	0.28268965923763123	1.7428170974024388	1.0812230756227788
gene_50	0.1179763345009697	2.2394032287787455	2.606603011035203
gene_51	0.09071345808120698	1.8440435732924563	1.9589397885965254
gene_52	0.11724675590916428	3.4988337614555434	2.6853461731302244
gene_53	0.1485182232942087	2.189722149236422	2.4845857666598006
gene_54	0.20251431515175466	1.7610075580406304	4.587392012229529
gene_55	0.2360420539790445	2.476014811653299	5.030968431961861
gene_56	0.20300829836587728	1.2160736642057905	2.8258844615331293
gene_57	0.1540288574115674	1.6966492992946642	0.1953395605631988
gene_58	0.24485988288915456	1.3449061055557523	2.186833002524661
gene_59	0.24150322173437885	1.0331446849581567	2.2829319852677665
gene_60	0.3701225705904648	3.6022924975278645	0.8145662085318555
gene_61	0.2941059646403506	1.3058432075189383	1.1298292327409944
gene_62	0.2785218503756493	2.9205149462102917	2.5501756102214626
gene_63	0.2625662295533178	1.8497202355700972	0.5727933846324387
gene_64	0.186279591068945	2.8337501889463947	4.274502182552513
gene_65	0.17426897721322498	2.3163491795138875	2.7541930873682845
gene_66	0.3147199646619601	3.198053671861227	4.028229648784273
gene_67	0.39175559189802617	1.7844043860350145	0.4309638185699302
gene_68	0.17507070794568236	1.5626496022625347	0.38048070721778754
gene_69	0.29197927929726714	1.7758306625326947	0.5584995383801027
gene_70	0.2581861554798412	1.883392118090953	0.9519021884643867
gene_71	0.21931949308619209	1.4587535205515503	2.528494831705871
gene_72	0.22448134282668375	1.2480066742350977	3.4408478031839924
gene_73	0.37661547563100184	2.9163500988585325	1.0235357528915723
gene_74	0.22308783963734563	1.7649430418579954	0.8991887841741493
gene_75	0.15511071954742306	2.0696031253941514	0.6348189502152557
gene_76	0.13517803739003845	2.1301422491776165	5.226608606497902
gene_77	0.2738487131710693	2.3231645570889294	2.2499276530312398
gene_78	0.304536299051136	1.93790810091491	0.29231881340522026
gene_79	0.263492798623019	1.656924832405818	0.5214602013367008
gene_80	0.21929450232099398	1.7592149548073408	1.6403425686453323
gene_81	0.1704335329335136	2.4918750313594593	4.621974977560562
gene_82	0.2411541320417347	1.0613147267895646	5.075296288309953
gene_83	0.16948601471809452	2.448469625393858	2.8808501311251096
gene_84	0.20700758932308533	2.344615131933461	1.311947790310413
gene_85	0.1624454033491341	1.3864857018700436	1.2201634153671106
gene_86	0.22988593490745893	1.6419355998499439	4.163618611341084
gene_87	0.23354986146792678	2.1646935846789344	3.9522641324812344
gene_88	0.1985118742882797	1.7926345904982728	0.8253004696247386
gene_89	0.1233189496039663	2.108839492028504	4.4544838527337625
gene_90	0.12129262473775114	1.4171895707019067	1.1576299890614874
gene_91	0.2534940504978445	1.3500890743250737	5.574814182277304
gene_92	0.21889637170655768	1.5125297793783208	8.281335421755523
gene_93	0.11952805091988568	1.6151143904161	0.522799156067547
gene_94	0.32747821757040285	2.7316709821273797	2.186586146581226
gene_95	0.10398744975597339	1.7107772993174508	1.3187206755671599
gene_96	0.19738914502210156	1.8111942319519487	18.296620137803703
gene_97	0.21538944219005465	3.2385730796287775	0.7223664055897395
gene_98	0.23965187500986374	1.9872154098481472	0.2924025691743587
gene_99	0.2789527386576567	1.8469135611824425	3.487581203684358
gene_100	0.12331384597028804	1.4640711117890344	1.1177252316804271
gene_101	0.1792970425225773	2.8736510183096566	1.1615098967968354
gene_102	0.22692895746872602	2.651574726760923	1.8845133145815742
gene_103	0.36361507603297555	2.3701784226347953	0.2887757325407582
gene_104	0.18171540009094636	2.2531274526644625	5.846817932778047
gene_105	0.1577135661015719	1.4423468158717432	1.231261453518522
gene_106	0.12008283036342919	1.356835485086257	8.768806684332226
gene_107	0.2018175231694607	2.9464975487837037	0.8950148155658555
gene_108	0.11338348579937398	2.2206691743357205	2.073447324496673
gene_109	0.1689032881278866	2.772364526916695	10.049840967218698
gene_110	0.31469163857210974	2.893717015949954	0.581093674149379
gene_111	0.18909325593205864	2.1944542271250733	3.1923778049513647
gene_112	0.1279068106186165	1.83860091479604	1.2593564047446222
gene_113	0.16996322662359795	1.5597948938388013	0.3277731909507876
gene_114	0.25672726018020375	2.033160624415896	4.596299095472595
gene_115	0.15097553520293988	1.6062683131522335	6.213581299006492
gene_116	0.21139263049857596	1.8079652475697536	4.672249790797522
gene_117	0.33254233891726537	2.276552186972015	31.75647388908225
gene_118	0.13385064202818195	1.3344580899846228	4.590853578021529
gene_119	0.14571596717920743	1.7805587801549163	5.9046321081268465
gene_120	0.22080489463162462	1.6021775243653382	0.436393743803543
gene_121	0.18712945492484082	2.040632470682233	5.7106025379747525
gene_122	0.2522495048842878	3.5381613718826412	2.171137902333665
gene_123	0.20666180299118056	1.5559675075420445	8.33068275253103
gene_124	0.14622542078854922	1.4921580292016074	8.360131154029755
gene_125	0.15792950654086568	1.3472425936322907	7.283726276490897
gene_126	0.11556704390179925	1.3118619593954537	3.761572293639544
gene_127	0.24278748183174867	1.5681574198277952	0.40907284066056687
gene_128	0.21320460783139175	1.3931198069704145	6.012382796534972
gene_129	0.27609572448784564	1.494178768159022	10.750386589820147
gene_130	0.15008469807491137	1.7527113426033771	1.3311450999243357
gene_131	0.21471457257494378	2.133128650642587	2.4913240474358482
gene_132	0.20156263532560614	4.017656483588958	0.6801994741893232
gene_133	0.2783782068278352	2.27609922713488	5.087560096647798
gene_134	0.19433470992357324	2.9537131891870003	3.995169908443115
gene_135	0.2634451389357944	2.0150249759426413	0.23109204970649327
gene_136	0.14656208847456917	1.6501098868150041	14.743520797382738
gene_137	0.13554680961772528	2.48714201543704	4.443358251349877
gene_138	0.21186845264002344	3.0141273640971584	2.8906456365101665
gene_139	0.3059071295921643	1.8094046877552976	5.433859301365748
gene_140	0.15454629405323933	2.8912185520719955	1.829443733029277
gene_141	0.18749391284838082	1.4333610194234911	0.7251958001027925
gene_142	0.28146228371147763	1.2595186452671483	1.3152426292675659
gene_143	0.16948124535894843	1.9823479957657673	6.10570642730589
gene_144	0.09590068308187785	2.398186025968604	2.8929841665176763
gene_145	0.18291465244587446	1.7128336613862	2.777777121225099
gene_146	0.15998189082149736	2.8540145482988386	1.2757304916123997
gene_147	0.1806649237238904	2.0581612689997404	1.2427403349481327
gene_148	0.3485508556717902	2.738661107744569	5.246520470569432
gene_149	0.17470314566351564	1.7800307265944133	1.8191628169343173
gene_150	0.26251668582842624	2.1284505560121856	2.6525397910644717
gene_151	0.19289225134672858	2.5448509587206543	0.8942834758073216
gene_152	0.2078123663350469	2.749184601902055	3.381277786179895
gene_153	0.22593073790661855	1.3158997669850299	1.6795302455601038
gene_154	0.14087097736875134	1.780951689593899	4.380567155872189
gene_155	0.1709367708040373	2.197677452088108	8.41150744929953
gene_156	0.33248392959712497	3.2762336324991783	4.037436854732079
gene_157	0.15465385746454147	2.230456022840276	7.788905320335211
gene_158	0.12544644278255493	1.7316484920436364	4.99885342924967
gene_159	0.1990341606052728	2.454191208001412	2.444511012509023
gene_160	0.134357632211282	1.4031900599699325	5.866664007935992
gene_161	0.1050767691338237	1.9687504568169716	1.3186578162360652
gene_162	0.2719500277783362	2.0077417445415064	4.065028878931923
gene_163	0.1486732865860746	1.2615924099990918	1.81524731690233
gene_164	0.3432237094843113	2.0553766843770993	2.8221718525774686
gene_165	0.2751919020649722	2.5246804968562877	15.416798983655468
gene_166	0.19583680317564145	2.007758826256957	2.231262724725913
gene_167	0.1528816412627979	1.533972614022508	2.371945333610049
gene_168	0.1658415255579287	1.569117917485369	5.412512332877496
gene_169	0.1269987583157231	1.9833767683391752	9.182199718041039
gene_170	0.12015666109013481	3.1401416271078513	8.977373551153923
gene_171	0.1999502965861698	1.6642436670308212	2.297920059463244
gene_172	0.0987921578334298	1.5597304987917222	0.8313899458743614
gene_173	0.10199360776933113	2.91030021003474	6.035725723129949
gene_174	0.16176515658792365	1.2635524228153479	2.725716899308897
gene_175	0.25854520794243463	1.77109168250989	2.194003323729561
gene_176	0.2624045333753594	2.981604436281404	0.9211050459521962
gene_177	0.25570503639757813	1.781097343908195	8.338615041678654
gene_178	0.42110866370570943	1.816330294968148	7.359974169277583
gene_179	0.22346141512345563	2.3497831433511776	1.543587416470871
gene_180	0.17137932786693133	3.122323679187393	2.336644298655724
gene_181	0.14335838111832547	3.5320839575423215	0.5987320156696724
gene_182	0.2495203910879521	2.5037516748863973	3.4267071867468903
gene_183	0.2301373858499345	3.545900635877363	0.8960812802810115
gene_184	0.2809078375689854	2.2719803899572852	13.820321104959827
gene_185	0.2803293717653282	1.6365300944365093	6.39925331233163
gene_186	0.1676688804884261	3.1884042165197557	0.865809898639189
gene_187	0.2066309918442518	1.960549698834867	4.107123387906216
gene_188	0.16047549204924738	1.3433691605197164	4.2767970699266575
gene_189	0.40898767040760775	1.5237036462803157	6.982188748261716
gene_190	0.13272525660670514	2.52004859767272	1.6520310384019863
gene_191	0.17758579630376328	1.6523562125759486	4.316228579235286
gene_192	0.1851218103248626	2.291850224082478	0.5701173617791535
gene_193	0.11750362342403323	2.0078368285401313	4.337738068107206
gene_194	0.2670017028812759	2.7684078951061304	1.5977425762115676
gene_195	0.1544816238240647	2.4180196513466883	12.683616095282122
gene_196	0.17588284183825031	1.1837247367979047	2.5348778735805855
gene_197	0.24289507549227146	2.1217549721192834	1.7456615325205909
gene_198	0.2698046565087136	2.2575656653154446	0.8355776839927535
gene_199	0.23821590280412225	1.3522096050134558	4.642544056640615
gene_200	0.18611914599302873	2.1076530854371995	0.26418270512881215
gene_201	0.24261981789435508	1.9370792496600502	2.689093795340216
gene_202	0.25290985982143527	1.6623919259360713	2.6710288042547523
gene_203	0.1891816647788598	2.470807233470613	2.196847768069125
gene_204	0.32191306991972635	1.5327369073523633	1.5362185359043457
gene_205	0.1449812595085594	1.3060880193075406	9.44597824889572
gene_206	0.108007699542571	2.7455866780734683	2.160058440581254
gene_207	0.1782494350810582	1.2199019269484415	0.44809031875146027
gene_208	0.2587038503720474	2.445710676723347	2.518967997681722
gene_209	0.32618961059860013	2.227437316248287	3.4337638896154616
gene_210	0.1582855801537638	3.6138488414698804	5.227562564275808
gene_211	0.13250181843219008	2.072621077482278	1.9884954171493936
gene_212	0.22276452896593651	2.5262321162803425	2.3645081468936575
gene_213	0.30517445013682887	1.6641619245130832	1.5506507557012974
gene_214	0.2427364532433849	2.7472936873006617	3.2829392152958246
gene_215	0.19897828529307904	3.205679554821973	6.01118372740665
gene_216	0.26048296135067067	2.7969862301555155	1.5742119129680747
gene_217	0.1668394100751059	2.124749320033882	1.826383346741539
gene_218	0.23600572401427697	1.2251722298721301	0.7287418592065875
gene_219	0.17091301496161201	2.8592903888279375	0.653688627232763
gene_220	0.33741836869055036	3.0471051055688037	2.3912086381420594
gene_221	0.18287182483249914	3.352441466701254	0.4022543602510396
gene_222	0.14260593081590436	1.3075121523943043	0.5664752191882094
gene_223	0.15392491284253304	2.227259649086575	1.2066260496315464
gene_224	0.2561304196844595	1.494731725177942	2.7454238377915243
gene_225	0.18794530480417385	2.232963412745631	4.920541731428593
gene_226	0.19504250901204895	1.5107964677971715	0.8109873045851882
gene_227	0.12363336226798015	1.8117721698147902	3.3084026263132706
gene_228	0.20032703272752808	3.7036331953536825	4.259757384102619
gene_229	0.27363966593071093	1.995033726321505	27.873777712915157
gene_230	0.2264439356575543	1.3898307486517298	3.0352403440989626
gene_231	0.23479648468173325	1.2048750604961331	2.487689579920103
gene_232	0.15958263320600366	2.256895992655781	2.873823830469816
gene_233	0.09784425343344696	2.339306717211431	3.7481423836256966
gene_234	0.16511984832109416	1.748598488962483	4.819638439590008
gene_235	0.19740393648267648	2.0722136113437233	0.34538641941507253
gene_236	0.3892598824130575	2.0791839255124165	0.620685475013557
gene_237	0.12910552069830988	2.0502219819977627	6.500781361428026
gene_238	0.2065793728946129	1.5274867077019965	3.511440772626721
gene_239	0.26195587624463196	2.801844626171925	0.8557868190917957
gene_240	0.20790379658700756	1.5452625523090338	3.400223283652283
gene_241	0.17217398864196212	2.672053687698006	2.0786082872716745
gene_242	0.14778263379267198	2.7153342466180974	0.5606422045570721
gene_243	0.2949448973602698	2.9877957574570746	3.863017001674448
gene_244	0.20898319862973214	2.8625344374804964	2.6739116406372485
gene_245	0.25803552518258627	2.1886979130210684	14.624190919718515
gene_246	0.2261786826069734	2.3431242907049206	1.6761270742722512
gene_247	0.2377534429332092	2.4255511103065013	5.414708429685246
gene_248	0.22545695173574085	2.880418142705289	0.635680238617221
gene_249	0.14941870249711803	2.916073416419766	3.895617878088024
gene_250	0.18028841991953576	2.077424529375205	1.813014148249712
gene_251	0.22507434089719372	1.6202244744515832	3.2688796230271526
gene_252	0.21681594857931946	2.672576848876177	1.940281319363886
gene_253	0.18661300288214758	1.1620508861004506	9.199593422129922
gene_254	0.23782444740790828	1.6055918101060067	3.0369714693169825
gene_255	0.13168235677173623	2.341522894792611	0.7831946003647126
gene_256	0.17503703242334842	2.4746275215000737	1.0014954700796932
gene_257	0.15184029239593727	1.821891498643022	3.6526706616110176
gene_258	0.23197645330058664	1.6963675549183672	2.195765066149196
gene_259	0.11304239039831919	4.0059651304368815	0.8543752230340844
gene_260	0.23613621482134567	1.5788502592955573	2.1569440420554375
gene_261	0.20605903425073135	1.5597171946270911	5.0161139299814295
gene_262	0.1990957661583079	2.2515714573169285	4.97399504189643
gene_263	0.15761328470971817	1.699610687493231	0.45878713617265837
gene_264	0.14691660428276868	5.205342080701812	0.41246014453320373
gene_265	0.1385214513948449	1.6524019000107568	1.3731754875429527
gene_266	0.26397105086000583	2.375052722006634	3.429688275038707
gene_267	0.099127842351743	1.4940973523432923	0.783262632909329
gene_268	0.34244487228439624	1.8725903612058061	0.795286540865508
gene_269	0.1950308025111376	1.7838777657118499	5.319273812251873
gene_270	0.1740927011752912	3.036691859078446	0.6435962469864812
gene_271	0.16964529492004907	2.0287480927101056	0.8321495973213493
gene_272	0.2792924768494376	1.862814794112991	4.794808959554484
gene_273	0.1630579903089775	3.3991161248450372	10.951058338965305
gene_274	0.11102772201391388	1.6889980033781338	0.8366964134671391
gene_275	0.27623251929964293	2.602078549149049	1.8715383863749453
gene_276	0.20265751393046424	3.0636068387038184	1.3589647007989631
gene_277	0.16741594255744813	1.9632227481432085	3.3478463350207863
gene_278	0.2556572505197568	3.4351590973761024	7.3487972006457225
gene_279	0.1939711854179682	2.6954716353349157	0.8041081711102399
gene_280	0.2859080223782223	1.28088455887419	5.1638587000524705
gene_281	0.16672134354547755	4.08220958824696	2.3261370455275494
gene_282	0.30469633103292465	2.2690685448357883	0.32066624696460155
gene_283	0.23160467735289866	2.86009213690617	4.1409799885366105
gene_284	0.18057133819879034	1.2730697897481782	2.568331162507292
gene_285	0.1466751697180158	2.5715572252259866	1.9355176621855432
gene_286	0.22819804985089787	1.6480153566157976	5.082127276999782
gene_287	0.25174370938553076	2.138336608778661	0.8140594962062461
gene_288	0.2766001257060882	2.2078588153265226	3.0791397520189205
gene_289	0.20103195679919048	1.9338487688585713	4.0095063960470565
gene_290	0.09607230606808237	2.407546901733598	1.0151366934715047
gene_291	0.23569405867456336	2.2673569295955045	19.599629369559327
gene_292	0.3046934374522837	1.3581512442930952	1.0962940775648617
gene_293	0.18296044178664467	2.052905701262488	3.179613986030891
gene_294	0.13710129319131312	1.5433041312372995	2.079905371063344
gene_295	0.12209306865249764	1.8841387980347788	0.7287592232965056
gene_296	0.2010893172584088	2.4780206668588836	0.9157890459885879
gene_297	0.16087318507317752	1.929044846971395	0.29499377578922015
gene_298	0.31085739733860607	1.3986070945536337	11.280973759168166
gene_299	0.14917967952438832	2.416056668552335	1.2655745321910352
gene_300	0.24641551679936943	1.8483775641916282	3.9323013654324996
gene_301	0.24128132183778034	2.0102508032939097	3.999371887533584
gene_302	0.19150478500858842	1.5904867370072362	0.8272277457848339
gene_303	0.2618012746060425	2.2152734245269503	3.0701534634471943
gene_304	0.2088329890951015	1.834868498402289	0.368927541662917
gene_305	0.1461539436771063	1.95577180261149	1.781119078711622
gene_306	0.3339163287502275	1.654896213665581	0.23974450255333019
gene_307	0.14376749433559374	1.8074108370135151	0.6862853742512341
gene_308	0.20155715102224417	2.2509054900965957	0.5140754774576659
gene_309	0.22597902880290882	2.224894611311967	2.353593095124585
gene_310	0.18778375918255058	1.821637789968848	0.8943465502712191
gene_311	0.1940565635990593	2.1514096098006577	4.705185055324285
gene_312	0.1848853502819355	1.7417961422983705	1.8708197024613475
gene_313	0.2018926370761348	2.141532072213929	0.9743164890645892
gene_314	0.2970365350670077	2.9716495518673645	2.2203328945157637
gene_315	0.16434905261079905	2.7328355099049095	0.5756380425863497
gene_316	0.25106821951664376	1.9262536060177917	9.309987835544932
gene_317	0.22011028493932902	2.5026651390895154	1.9096725989657253
gene_318	0.1425196589175764	2.450127818960184	1.0350002003422294
gene_319	0.35082693580980195	1.4945542602184723	0.9159689032764289
gene_320	0.5246718709756024	2.50960536365836	7.527002352582263
gene_321	0.26637884627182473	1.9941392291173365	1.769807899966445
gene_322	0.1936958529534835	1.899053351561482	5.032354826180778
gene_323	0.23339850304921125	2.219865427913253	3.1087512943581093
gene_324	0.12078672837301874	1.577962073264371	1.1187815303805284
gene_325	0.2583185482672853	2.1975995885834063	2.968369262111654
gene_326	0.24872308875776572	1.4723978814189131	0.6803308774543257
gene_327	0.2570113144315552	1.2928559329262548	2.9393750529388747
gene_328	0.18679692819677177	2.3653716364373483	1.6067838312871237
gene_329	0.13580232205045642	2.529517495536599	2.072774970218078
gene_330	0.1853160226199693	3.4619605730188625	2.6373332197036152
gene_331	0.25906764534796295	1.9481037526864682	4.506273037887638
gene_332	0.15522776622493767	3.6646834751650057	3.724917030288409
gene_333	0.19065566071040227	1.9730414818638207	1.287209153791885
gene_334	0.18012666964804175	2.1130455808665127	4.261198916847845
gene_335	0.1718687443680662	2.8245901270195555	2.075902385837104
gene_336	0.09189224993000197	1.9164559198106517	3.76024650663159
gene_337	0.24847355753924297	1.7014834200602489	52.36317862597597
gene_338	0.2967000556769676	2.213341959224299	1.6632397761170183
gene_339	0.2233554262365054	2.6522075135391447	2.1646955909543157
gene_340	0.286344773126746	1.7434478837137994	5.4115694441883955
gene_341	0.29846364770728706	2.1266441495698674	1.8232617248491818
gene_342	0.29756647772827793	1.0169404717683475	5.331749969126129
gene_343	0.08826492260797364	2.3524776840418404	2.5909762222775456
gene_344	0.18598815791053458	2.8527864682239508	1.5781597028774048
gene_345	0.19476377754892138	1.458220703339896	0.8815141916002697
gene_346	0.15237013288890655	1.6396297893311655	1.894861823312744
gene_347	0.16895876782738153	1.8200866032804544	13.340308801123136
gene_348	0.19584147531805038	2.2347122128317802	3.9142621199682677
gene_349	0.23781124445381746	1.7480357666507045	2.923772617433821
gene_350	0.1966173483616054	1.80229890418406	4.636369140803982
gene_351	0.24261971237933166	2.025247136492772	1.4838305194380281
gene_352	0.23333296820690927	2.411040177896469	0.6469411998129055
gene_353	0.11548578287956311	1.4025922743275148	1.139562441789826
gene_354	0.34600933530524086	3.1684844862427184	1.0670095217745288
gene_355	0.1712248518197411	1.5240191697208054	4.802345433479758
gene_356	0.15408562474165427	2.669638983419927	5.345327501191908
gene_357	0.15730193402447593	2.1708209791690987	0.717644698187456
gene_358	0.15446569206290028	1.5078757340879803	10.38816583952394
gene_359	0.326201104757989	1.8214916661501943	3.704531693251742
gene_360	0.27754333575643725	2.0465520231596974	2.1534016595604824
gene_361	0.11480951857739553	2.55030090071698	2.4837191759165993
gene_362	0.16523104527023474	3.3645380540089187	0.19345760026941292
gene_363	0.2342533207726981	3.020153544588806	0.923104975182553
gene_364	0.28595294891257217	2.6479429873118283	2.940026603484592
gene_365	0.16278808555487742	2.307597841091798	1.2514206902538338
gene_366	0.275333548743187	2.8508007006440126	4.670282793421929
gene_367	0.32604602064713034	1.8531308548214824	1.7304771681420839
gene_368	0.22582333648665268	2.4719959100928754	1.0523489505925845
gene_369	0.2061909931324153	2.4856112267712023	5.573295330701547
gene_370	0.2529075447626445	2.424403190181046	0.8760703715712018
gene_371	0.272308314698702	1.815206052306612	0.572568311661191
gene_372	0.24120139890380876	1.6691950481308586	1.313083874854934
gene_373	0.19237002899222497	2.0445112235743967	3.7621920259149344
gene_374	0.19736707936434042	1.983452292336923	4.842567758120873
gene_375	0.20827972758107702	1.8265023459243352	3.933191174471558
gene_376	0.18894050391136105	1.1112977920911746	6.155363744044476
gene_377	0.19279715419533297	1.5251093182011697	5.071324302542224
gene_378	0.20905047099035853	1.6216333654168227	0.8823754728012764
gene_379	0.2508550037145039	2.1696961987623604	1.4025093790693195
gene_380	0.3058977580073835	2.0432615826282587	4.570495902672061
gene_381	0.13340314806268636	2.0183920620720297	3.544420413790493
gene_382	0.34119525163045483	2.42007964751601	2.4133098349962565
gene_383	0.1786501530159098	1.477229542792264	5.434001404559301
gene_384	0.4069179114089113	1.738885794418729	0.3672935686145593
gene_385	0.19918400961387944	1.562326198983357	1.1378604925319304
gene_386	0.17412022753835968	1.3005853751552927	0.3235278503643522
gene_387	0.17800815149461238	1.4553513319298477	0.29491903380605117
gene_388	0.162415189481757	1.7411758676457882	0.32872890820437856
gene_389	0.27203455633262363	1.2850083417444502	1.3339585859348886
gene_390	0.13865006383503353	2.7256287048226056	2.32049835164749
gene_391	0.14284499380810728	1.9366136408083179	4.1487044179925965
gene_392	0.13103071947553094	3.7033978557299965	6.042700650485518
gene_393	0.165919515929498	2.238193615273911	0.8247345615512532
gene_394	0.20936159939400284	1.8416026552862823	0.5382803169085554
gene_395	0.21785241440303382	1.335068769372697	1.6232029850586336
gene_396	0.2840334121285802	2.110943948965009	2.5042677418636345
gene_397	0.25505921761915196	2.328843893845537	1.8390123898496693
gene_398	0.2873281187297294	2.6496757879275044	24.985701762153884
gene_399	0.17789503589747638	2.609896314275064	4.39505995438071
gene_400	0.18291672201361198	2.9982831750860632	0.5553408140007381
gene_401	0.30878858860542724	1.1572486186756474	4.755820379375621
gene_402	0.19587075062350826	1.7416869106515338	1.7640093624010278
gene_403	0.1740044635727135	2.470103521951846	14.76522991775623
gene_404	0.13328217316831112	2.5925233321192738	6.7181718537901105
gene_405	0.22511513694939955	2.061635258547028	3.96630997274803
gene_406	0.1252311665020217	2.204229639033789	1.9870894361448648
gene_407	0.18701207348246718	1.742795504465452	1.5674835412152353
gene_408	0.1983254052750404	1.422782120972241	0.7507307257707687
gene_409	0.17527179633777595	1.622181601399447	2.727858985313772
gene_410	0.19701686080525707	1.7059273102616674	0.34659646215183454
gene_411	0.17945774360027827	1.8447302169472046	23.808002234534342
gene_412	0.24876324336184794	1.4761278883163695	5.231130485509817
gene_413	0.2512458749191097	3.1025380414649697	1.1026493134229673
gene_414	0.2606807011135067	2.6016181309008575	1.728053413805606
gene_415	0.13984483798166378	1.3405304463100556	2.316419348371446
gene_416	0.1325617228136997	2.7752041068579447	0.8637825683836561
gene_417	0.13419703255916038	1.6507170883260462	3.3312697759941483
gene_418	0.24282815341812763	2.872039802802277	2.1095687506078655
gene_419	0.29382747235101986	2.3975175963323205	1.3895130177887585
gene_420	0.172007626799756	1.3361509387161776	0.5901423467625925
gene_421	0.11419930275306561	2.3109222063581063	3.4327457891150983
gene_422	0.21476110468659515	3.6728732553819254	2.063367241402958
gene_423	0.2856458001599137	2.1178791014329126	4.4127119745684755
gene_424	0.2563505374786535	2.9906481993552516	20.820820695068488
gene_425	0.24246314811915592	2.9303636878954227	1.3747716329120776
gene_426	0.1658897369517676	3.6079252810793734	1.1415544505954833
gene_427	0.10569804280420556	2.17359335484404	1.897067104883586
gene_428	0.1275545559428308	1.9567878561548062	10.971068470522377
gene_429	0.28178059364077673	1.4963220546204705	1.3545757553634572
gene_430	0.20620923418711606	1.1159197710482818	2.5103613389301374
gene_431	0.19806042325572112	1.8021990782819097	12.402100994218554
gene_432	0.1664923219370065	1.9849514961953165	4.376701949214866
gene_433	0.25383648608622805	2.7326798991717656	1.4525135274744854
gene_434	0.25321336914626186	4.452059685927911	1.6333391877001493
gene_435	0.2918617614415583	2.8063021624999553	5.835254344904779
gene_436	0.1400593758752975	1.971133080721097	7.6144781904556975
gene_437	0.20830441970337965	2.0958340702592757	0.4630453239257605
gene_438	0.1720384126180032	1.4461165127004432	4.254752006854806
gene_439	0.14612017734745308	1.9121815104277786	6.346899450966166
gene_440	0.1458269373291947	3.198222547780271	3.0937694582448283
gene_441	0.23624115093441153	3.2080093174014204	1.4049312185766927
gene_442	0.27336626535735886	2.045197303494199	5.815205243012036
gene_443	0.15894276691307366	1.3366161120343818	1.1776422676845963
gene_444	0.29077546038069735	3.1562157139996425	16.89007891624921
gene_445	0.22320388558691834	1.403345925869801	8.8715188626542
gene_446	0.21254889352320544	1.4070738789273591	5.470368897948621
gene_447	0.1555872580424526	2.8962816273519274	0.25460005268636887
gene_448	0.15242359394685404	1.7289021921224499	1.1797835426305692
gene_449	0.3514079694482953	1.469582737864725	16.98476683498249
gene_450	0.1741829568300474	2.2317338085338565	2.0195888873766457
gene_451	0.2951856134511572	2.7578849893632857	5.649986394394972
gene_452	0.2139655551904913	1.4027582016379598	2.3654864491757963
gene_453	0.1370021390398206	2.7629130035938703	17.18752353440893
gene_454	0.15135301182778482	2.213151499159797	2.016584915691325
gene_455	0.28340344655111216	2.1502223005521435	0.29763301962315875
gene_456	0.3187446160621421	2.6324346968303303	3.7935409753839457
gene_457	0.2576616446656809	1.8143788890450439	1.51751020485045
gene_458	0.38908704578042247	1.909226932934743	1.2324359202274606
gene_459	0.16970847050437576	2.6052897783464912	0.6614536558332091
gene_460	0.24006949238013509	2.0367782995414085	1.561089039887861
gene_461	0.21552962837574094	1.6484867916973096	6.91228579924827
gene_462	0.15300433171060887	3.8166513236105106	1.8240426551420978
gene_463	0.18104686578857945	1.7082492882313365	2.1664562489933017
gene_464	0.33895607627807395	2.312744083012286	0.5784801891367777
gene_465	0.19479183238978864	3.0957471691404788	1.5529145268694222
gene_466	0.19032034745340434	1.465094309456999	1.6093646603665273
gene_467	0.14973396492292732	3.5886054296622545	6.764667099566512
gene_468	0.2619538566290113	2.98536770677736	2.966421843870795
gene_469	0.29273759739741156	2.92560330592909	0.7921130295428018
gene_470	0.3188764196326982	1.4583538804101022	2.2016743992694106
gene_471	0.16857989790386604	2.1837922158007212	2.4127751064573055
gene_472	0.20565874805322043	1.2092917744369076	1.0827279959159932
gene_473	0.17340032711164868	1.4649315305899553	0.6537755241863247
gene_474	0.40133699561348535	1.5620448149797683	0.6401818556430956
gene_475	0.3703698630854239	1.0621258643949574	1.8850179604565807
gene_476	0.18880428082154804	1.8921496651078247	2.465704104807684
gene_477	0.46074070239262255	1.5438846740402088	2.103722496425056
gene_478	0.2780857158888471	2.8329273823091343	2.437095126705115
gene_479	0.21936970041070286	1.3359489086734004	1.3117152398217249
gene_480	0.18439709974065935	1.702845371011477	1.5443795894398795
gene_481	0.21562004196248297	1.3775023236002784	0.7917598591304386
gene_482	0.2624608286038041	1.7745775446622507	2.452014206008225
gene_483	0.20077731905454876	1.5040644899246427	0.5006516278041236
gene_484	0.21155312517678507	2.4099670794879904	2.3852153993443017
gene_485	0.18326663071073507	2.5509910442738626	2.826221277276934
gene_486	0.11372449014404375	3.5988660301993733	8.513182032072342
gene_487	0.31026394723046274	1.601862182374405	1.2011482859492402
gene_488	0.1727831634328973	1.699143557924633	0.6776561199519532
gene_489	0.11376575158072251	2.9638994040924316	7.200461398862367
gene_490	0.35062365245832483	2.5739330849724777	1.3129678880189473
gene_491	0.24429713089546393	3.2974327059505306	1.8763772597165809
gene_492	0.25606703796387287	1.692779819031499	2.9844664208151555
gene_493	0.23858716270062633	1.913243131294703	2.3318343066214853
gene_494	0.11765348013807922	2.111377885774267	1.7932369377628792
gene_495	0.2743888147203653	1.6287026638746707	0.717903395932908
gene_496	0.21789442340774398	1.6798734802944626	0.5863384411759185
gene_497	0.3288073552447024	2.1977189660831415	1.4996515176772416
gene_498	0.19964383855991202	1.9050941453504515	3.9460939370491523
gene_499	0.17630671949143556	2.3026241764990605	4.250218099523353
gene_500	0.13446241834929626	2.0341347621182155	12.033936405202022
gene_501	0.22585079358441065	2.1116851159014094	0.9367723085000353
gene_502	0.1646021027687933	1.7875293243005081	1.4734494450337277
gene_503	0.23770563813260645	1.2006424843123347	0.16425906717396602
gene_504	0.1672586576514946	1.3802101024653033	4.782726882144516
gene_505	0.14747030511767825	2.9402003541490953	37.74943456585393
gene_506	0.2003281471906609	1.834311480730506	6.884601737067521
gene_507	0.1690806500455212	1.1145404145036624	1.774776577512112
gene_508	0.15305195429252727	2.0226631445119585	0.6669646935409755
gene_509	0.23363309094072526	1.6381555139291573	6.28343289589695
gene_510	0.2164807569955958	1.5898160872141252	5.674374926874224
gene_511	0.4580530569474542	2.680328732366011	1.7909420133865241
gene_512	0.19013033277564112	3.0820866465930052	3.8992371934101935
gene_513	0.25571759468000266	3.400772213039916	0.711384411836435
gene_514	0.19496023356862396	1.8033870174031599	8.437157933317614
gene_515	0.11718856414232698	1.4808824625303565	0.41360620138717735
gene_516	0.2772670952887955	1.8953935121222465	0.45889668980640463
gene_517	0.43421095829975365	2.91845235478962	0.9102344201659771
gene_518	0.178489568495291	1.9274789099843397	2.7150258116703307
gene_519	0.16518553413042436	2.792783682057402	12.226498387247416
gene_520	0.21877424956135677	1.8343119415431146	2.4984087112353595
gene_521	0.19266904566171178	3.4695840910262747	0.7866479532429176
gene_522	0.3481066678065946	1.8843284447214448	4.542007295785091
gene_523	0.23057108354248332	1.388493072604521	1.3174306958144553
gene_524	0.20122936387613896	1.440677216213366	5.14302977030888
gene_525	0.1926029614966609	2.6002740224787964	3.652177688698559
gene_526	0.19299007608767893	1.7406803862487836	6.753092261902662
gene_527	0.30654469802017625	1.827152758200491	1.7677894225453776
gene_528	0.202789424727203	3.0292444482231797	0.5605578788701115
gene_529	0.2933854197244018	2.051775935800939	0.9031603238569491
gene_530	0.20524721154032682	1.9463672581694216	2.4206581662839866
gene_531	0.20150604343918754	1.8389107145749388	0.9294452906748968
gene_532	0.17570286988082762	3.019007140861197	4.309982364384481
gene_533	0.19363520847350935	2.077593457046104	6.484449878843636
gene_534	0.22465026377611366	2.223703088182326	8.398547973972166
gene_535	0.4267059638799579	2.651526451691952	10.61345791931245
gene_536	0.1513112710849269	1.841527317433275	1.2970716574425372
gene_537	0.12731910560254214	1.8345184765127995	2.077417983674603
gene_538	0.45115592898322754	2.334586858066292	2.5143944702342367
gene_539	0.2250723839981338	2.262823252820455	2.818169971574216
gene_540	0.20742358431723	2.2691872147611654	1.5319300182776359
gene_541	0.21907868581619913	1.6030144808127804	0.6389259690382377
gene_542	0.2806211953766533	2.815449313091223	0.6724227185906811
gene_543	0.28538386401812915	1.383307892235493	1.4845282074637514
gene_544	0.35046992561128876	2.1069805777092294	3.685249908360477
gene_545	0.16749272152660624	2.9629226747118005	0.9395098617451332
gene_546	0.1365059075053603	1.5236003636367599	5.178892277483599
gene_547	0.19279404593493027	1.8915744957825025	2.242806671833802
gene_548	0.16470640995026517	2.2160090472617417	1.4763529899428274
gene_549	0.1987141375917309	2.457093345913351	3.9019084106064956
gene_550	0.1836150001218915	2.4188120016766597	9.808262118175792
gene_551	0.47509536327795626	1.4806621952717531	3.7582786977156917
gene_552	0.1397373475357559	1.9970991934246984	7.536212364992511
gene_553	0.29511734036267107	1.8240286920621895	2.7872681887295903
gene_554	0.1754692444996914	2.486542808798002	3.7222767284541307
gene_555	0.27447339153087863	2.255649357231678	2.0281789117062754
gene_556	0.2511695317443111	1.2844577925489564	6.96537057418904
gene_557	0.22252695547790682	1.8100977229277273	0.9734480261694368
gene_558	0.23610870670603534	1.9419327827117676	3.853922004561725
gene_559	0.22181137741655046	1.937126080858874	25.26106105365398
gene_560	0.16248614098485556	1.7658137725166059	7.608825798414172
gene_561	0.34964711091280454	2.93684151185171	1.7259958425356792
gene_562	0.2685903472409321	1.97691577830235	2.9799276553095417
gene_563	0.21369096379180555	2.2728794094299816	0.19940650043000743
gene_564	0.2109009577917186	1.4713362149544127	4.260679773811078
gene_565	0.17624146191182558	2.132836800082346	1.6611194162122511
gene_566	0.24264429576381483	1.2461146132084817	0.7411134368645781
gene_567	0.2315802648148359	1.2171500367801147	3.9375436299959934
gene_568	0.21531474990752078	2.0628973961115955	1.9882632737940802
gene_569	0.10661344533150581	2.1279581379275005	0.6367177791533699
gene_570	0.20703653927952534	1.5357713372519257	1.8835080926568404
gene_571	0.15185427962410825	2.09703694582489	2.697574033460135
gene_572	0.128246149251066	1.8586171840276886	0.9797358118974306
gene_573	0.15745847247849826	2.3545132605666925	3.736913763628394
gene_574	0.19437705495611163	1.1491956546663051	3.7827196674491783
gene_575	0.29626754554659046	1.1977626745355587	4.980125375841814
gene_576	0.2285100559329066	1.907285068594843	3.2639456108414144
gene_577	0.30717398859141265	2.0785956015872222	1.6250442020818952
gene_578	0.10899689493228928	1.3873385008506178	7.862863006758712
gene_579	0.18293131269501975	2.596093418455658	1.3990136575731071
gene_580	0.2514845589821933	1.528804497623232	6.594047435811527
gene_581	0.28062231607291	1.4348007567085286	2.254708359949374
gene_582	0.17978026603631483	1.962287503712948	1.1657597460225717
gene_583	0.15039269557757695	1.5824011285625197	1.8553150597424353
gene_584	0.3675018744834113	2.72162243654423	1.2233905274547974
gene_585	0.12932121078441394	3.360462013566363	2.9410804192698525
gene_586	0.19908359131087347	3.5217424249723934	2.0611806161009123
gene_587	0.323689576125055	2.2012659417866227	4.192844979738114
gene_588	0.23004213669587428	1.9760450223599435	1.6173148339899963
gene_589	0.1990102100697066	1.0595869650228091	2.00873328141439
gene_590	0.12706962838212071	1.8594938670675538	5.552769683088594
gene_591	0.14511540278435847	1.6708819922568463	2.5220408547564874
gene_592	0.23296411775134881	1.3963712349758965	7.590540898022904
gene_593	0.17944921648934525	2.1867154404473137	4.9658513358910605
gene_594	0.28787167209617986	3.4862760435497777	3.991187106250176
gene_595	0.12922025393093686	2.2240786547774967	1.4858508457097768
gene_596	0.22385460166616605	1.8377477750840367	2.2950139916507357
gene_597	0.1357866552914983	1.3797057973109073	4.786997611823786
gene_598	0.20385540642431496	2.4229144721778932	1.2455818648013899
gene_599	0.1405797973556544	3.609823880696559	3.0926328380591332
gene_600	0.11431533837777692	2.5975246869918007	16.186833454846496
gene_601	0.09247082532140583	1.6047057832702645	20.106785401207098
gene_602	0.23479510842163642	2.0583177730304967	1.5027343669875128
gene_603	0.25505807059388913	1.585925398964698	3.0056941509024333
gene_604	0.17595678588426353	3.3471235407805167	2.7529327419384257
gene_605	0.22170437054004402	1.6171240749577478	10.28584638041663
gene_606	0.22988987201748634	1.297286470561234	1.0243033108709327
gene_607	0.20484212286127337	3.838389661797673	1.042055892555625
gene_608	0.23951312807424024	1.284333430272802	2.517202065463746
gene_609	0.2222902249619196	1.9233964088149402	4.639994760784284
gene_610	0.29757685730524397	2.6410385902730376	5.091244828206103
gene_611	0.29486019616679837	1.9850098576168609	0.41880393368087
gene_612	0.16607753927058905	1.9122005856251048	8.789189174491192
gene_613	0.16766868887983624	2.033746167046763	0.3981537789698167
gene_614	0.2539938548925465	2.3880273455672403	3.720467726700382
gene_615	0.13755448371039364	1.604584716465179	25.147137272369623
gene_616	0.19162940667914943	1.4451841235505662	0.41859982185224115
gene_617	0.1998588045092016	2.586820903669213	2.9378614071111007
gene_618	0.27251817392371164	2.3460583860102933	0.5766610574579816
gene_619	0.1884774441331747	2.1944637430727676	1.2392703383601351
gene_620	0.18612723360605854	2.27291754536518	4.366195181326945
gene_621	0.12193320301510045	2.9313879339353583	1.3846823581803283
gene_622	0.26367776196165393	1.7585859856491883	2.7966740041647853
gene_623	0.1905807175282268	1.5427639669721165	1.9132908387858152
gene_624	0.24359782688570064	1.9164865028057412	1.8258826648663558
gene_625	0.2213292540155279	1.9465288465495874	5.7922530249500905
gene_626	0.201632745933295	1.981530790819307	5.158252009955853
gene_627	0.13289390645280105	1.2196279207249265	3.46331065543408
gene_628	0.16286898789771295	1.2452670644107653	0.6840913613438699
gene_629	0.173831538776283	1.9017729463545296	4.608392582834585
gene_630	0.4563075264761622	1.8975724202642248	7.169502950720124
gene_631	0.25569583984857674	2.355737365952072	47.45660491617745
gene_632	0.23015825780903276	1.5222901872826142	1.8124699117053424
gene_633	0.1042029812552373	1.3928836664336426	1.1223013929508547
gene_634	0.12470027586840947	1.915820504406247	3.0067282568167455
gene_635	0.43377815201258413	3.360842563209671	1.0500617900062594
gene_636	0.19999478630616746	1.585760713912133	5.085909122613536
gene_637	0.34693180207622626	2.353912054800361	3.155832892350198
gene_638	0.17527481588892613	1.7235319256992507	4.143954174245417
gene_639	0.19019666729347265	1.878446437828191	1.4314379972349547
gene_640	0.24006372926623937	1.382092810660334	2.6866984597304335
gene_641	0.20475949512031447	2.7384133174314003	2.8201677979930504
gene_642	0.2472218219706029	3.1734771845411336	3.7138406823876347
gene_643	0.2926602779572885	1.787906410765635	3.3047261068318137
gene_644	0.37419466056260786	1.1378256520097496	2.746853722777371
gene_645	0.1384868088020315	2.599093587036317	4.973429374055231
gene_646	0.17535546503641505	2.294792157305871	6.630996692984022
gene_647	0.202009550860783	1.789486349721353	5.398097661324767
gene_648	0.16854214654230293	2.189920724958869	2.3923568477366146
gene_649	0.1253799903388775	2.140135124562039	7.914302873547535
gene_650	0.24518792294732356	1.6395312554638473	3.1001907895675003
gene_651	0.18223012391726648	2.0670865309808732	3.0476488884988844
gene_652	0.2115161289085314	1.4911327070820155	7.41945897512192
gene_653	0.13736090448245009	2.146574686832162	1.287996482502397
gene_654	0.13115128141638874	1.750524597824525	2.8393170427783287
gene_655	0.14488315251455608	1.3080235235409614	1.86012541464889
gene_656	0.33321399305297256	2.6641824729451735	10.432467481676614
gene_657	0.2625121707306693	1.3328920617734714	0.24972112244350067
gene_658	0.35028207707700326	2.3469888601325377	2.9119396437212175
gene_659	0.12498050737220304	1.5075815629455096	3.960487548717458
gene_660	0.18834507290107666	1.809871529827314	0.8030071624711858
gene_661	0.16854598952558816	2.845928142502686	1.4523558401924663
gene_662	0.15411281878942823	2.0479087985511226	10.463418600595563
gene_663	0.19805697580159012	1.2892899685913792	2.1390198700832035
gene_664	0.14910386692077215	1.2758522523123002	30.13609434758773
gene_665	0.1666035287429092	2.0530809821159264	1.7459195721635563
gene_666	0.17691785135522003	2.2698379221718357	1.435248823934607
gene_667	0.1744996662107209	1.5080339497973223	2.29611491178831
gene_668	0.15499939832597093	1.3553005031401335	1.1320828534367118
gene_669	0.21025871617406564	2.0930172334100354	6.139141713243527
gene_670	0.3175231285380573	1.624966999127994	0.7339355458741901
gene_671	0.1772369523421809	1.2095563844342252	3.320892188097381
gene_672	0.1521144145084939	1.7031509545537482	2.5871702865540076
gene_673	0.2022555869684243	2.475967136526467	1.2667507714730213
gene_674	0.17152870588923738	2.1432210757993526	3.2631958537861783
gene_675	0.36590280856261004	1.9604038519112756	0.7879854885286055
gene_676	0.33489913680214056	2.1435055229301128	6.417300578740317
gene_677	0.16807826537097936	2.145828709772947	1.978801014032926
gene_678	0.15043527449295074	1.7368303694992322	3.7097086622843842
gene_679	0.21995364379669216	2.2963978721475953	1.5217336631628404
gene_680	0.32877805879324945	1.5003893510646495	0.8749187836535657
gene_681	0.21044098514548493	1.7106707307046172	26.42077894900079
gene_682	0.22843049438900118	2.327410857179208	2.629606423315381
gene_683	0.2119894465723824	3.081524155651167	4.277636758038666
gene_684	0.15345491923186413	1.2496583297579078	12.334356933769053
gene_685	0.2035119793441624	4.120060039262427	0.1504472894280995
gene_686	0.2093214526782227	2.8684227594407634	1.4618207891238406
gene_687	0.18803506211212354	1.2261485502072722	4.903703262037371
gene_688	0.26146468767722736	2.109382096647537	3.063287192797296
gene_689	0.21629447349140046	2.671257088442306	1.6090183464879038
gene_690	0.2149713238786907	1.9824471676773485	1.5434151048150564
gene_691	0.27126604078505795	1.9527071139434011	0.5400376766096153
gene_692	0.12461419643053298	1.6897128355819713	1.444313024284561
gene_693	0.1670087951468731	1.5786782829244548	2.330426111782912
gene_694	0.2614935498570095	2.2473599667833764	1.5129901820811877
gene_695	0.16201094387667542	1.326423229181718	0.9811253675586323
gene_696	0.18434737964911363	1.6239773158176332	1.171168200492883
gene_697	0.2979587728717858	4.885049900639623	6.23482080508352
gene_698	0.11863148008418882	2.788125085845345	10.31404919756034
gene_699	0.24347162786087562	2.082047201046494	1.7425931815529345
gene_700	0.15049539237820353	4.105545765578991	2.45286943734006
gene_701	0.18362938398782605	1.641443283639125	5.591433655833569
gene_702	0.3041193659740942	1.706319245908333	1.0551665255552845
gene_703	0.17375423239162846	2.67108354545322	0.8500004978972756
gene_704	0.30536582035156373	1.8198416105301887	4.653789584711772
gene_705	0.2573077964886335	1.498871874448313	3.677955022492435
gene_706	0.16621877684327407	1.601668109254541	2.3270289618149578
gene_707	0.12310990640847673	2.7263756473637786	7.449839248592774
gene_708	0.20490856084159512	2.1406360121689207	5.636535778293559
gene_709	0.18188393088888932	1.977547661887202	2.1375401619305654
gene_710	0.1515019129776938	1.8884342762188684	0.23155915654236436
gene_711	0.11178733516099663	1.4217243885252886	0.9194995282305345
gene_712	0.1787421149848811	2.070382132406708	0.9867459737474252
gene_713	0.3161715768777573	1.7426384404447932	5.174717662935529
gene_714	0.1972964212638548	1.681117300279681	0.6108868144425711
gene_715	0.16957440543898544	1.1987135110239397	0.6823811557997765
gene_716	0.1931040833379649	2.3832111851026285	4.455364198582246
gene_717	0.14100751863099462	2.524517430413566	9.45756611774553
gene_718	0.2704347724243858	1.5243433308568028	1.5892896558045153
gene_719	0.1893486017283707	1.7802761384928443	1.3185301789341213
gene_720	0.3276414132219927	2.3602363846978665	0.7235160232177879
gene_721	0.23926503422341738	2.7043035535769824	1.6459178970866668
gene_722	0.14913710599107155	2.197841373147571	5.4607426407882835
gene_723	0.21293699834847366	1.9958457752282102	0.8464042795631352
gene_724	0.1555264826563801	2.960130981137876	1.6247316325410546
gene_725	0.16347796959054187	1.2893447125802455	1.9488786024648808
gene_726	0.1690993203955738	1.9861697213716076	0.5475295706578195
gene_727	0.41806662482296775	1.1286574239981602	0.7103544612439765
gene_728	0.12209117496960735	2.189091697510585	4.286966847160345
gene_729	0.15708397606521665	1.4191361283314547	0.7725015964959966
gene_730	0.1768437681399316	2.0631589338526815	2.046838589717812
gene_731	0.15124884097173627	1.0444662946185808	1.66379821922252
gene_732	0.23223300506710115	1.2710573102259277	3.3861288195106045
gene_733	0.15553877344203487	1.8992526394618225	5.419844680533335
gene_734	0.27892129392302284	1.4808101032043153	0.5772815912871393
gene_735	0.17656160238962915	2.4141990756610663	0.5582167212987545
gene_736	0.36840507841278464	1.9329366309095164	5.260744099941767
gene_737	0.18891488237728746	2.581469296282523	3.048567162964238
gene_738	0.15883170033672972	1.8081682805381618	6.2770130632946355
gene_739	0.20184226103925437	1.7347504749010962	3.2523985352804536
gene_740	0.14372855091231215	2.0233659166076796	0.5035778626081188
gene_741	0.15018546260752155	2.842071851377303	0.20463994831981983
gene_742	0.20160947369658117	1.669738349330609	16.74483464909977
gene_743	0.204417056262194	1.5955549312090453	3.3821590668034114
gene_744	0.21809882197165728	1.9195876010269788	0.9066529350783549
gene_745	0.20522261201135383	1.644896565817799	0.892920640450501
gene_746	0.15881092432528793	2.633481693326135	1.5183501517916909
gene_747	0.15513279573302474	1.9575348442305582	4.778637655652539
gene_748	0.1322633609875614	2.5224256609566154	3.5505944193158507
gene_749	0.3176369571293148	2.184117952530872	17.93600509114492
gene_750	0.15856552876962124	2.283286101406195	2.186066146708587
gene_751	0.13911666418603	1.8629652589859491	0.2390057585071519
gene_752	0.31475414157946774	1.7870628271110922	1.5444615228683234
gene_753	0.17107573805471268	2.242904936647469	2.97346628253617
gene_754	0.2219417148792916	2.984300973899659	0.6214426713801725
gene_755	0.23137877415867455	2.43866750684588	1.4450134234028058
gene_756	0.18077863891094983	2.0929629142777846	1.1571814918513972
gene_757	0.2559533221953432	2.0490455482715784	2.1118003977810695
gene_758	0.17370994868462905	1.983741194279577	2.9918107669443423
gene_759	0.1283469340474331	1.4907680021457597	2.008865915315849
gene_760	0.18964668863134543	2.8490565353056923	2.7206316315016426
gene_761	0.1801493808813606	2.168030915026774	0.8280333288528938
gene_762	0.23890717034665795	1.6686390108064795	5.219268815117864
gene_763	0.23592620891420352	2.0675316089243907	1.2504639873440935
gene_764	0.2020198846676347	2.2515211371693273	2.497945282649928
gene_765	0.3013464287550619	2.5442909435253758	4.753786356104732
gene_766	0.19530584759442002	1.6789066576542828	11.271767374994301
gene_767	0.2289616157931243	1.3803892812484881	4.2988836210613455
gene_768	0.26688632299248366	2.5704365454351623	1.7015191253082496
gene_769	0.23338219064863913	1.8396746362107765	22.824986726767285
gene_770	0.11427642549928892	3.5163528345998705	3.4584567865291294
gene_771	0.2253100526273971	2.0106077001631513	0.8195570108162187
gene_772	0.273488960707194	1.9411121103005586	17.61543033292325
gene_773	0.13422631177310676	1.9192515690563485	11.904182288682904
gene_774	0.41991549714309534	1.9141586615228647	2.0548851930466085
gene_775	0.20052685481916774	1.3812479702711875	0.8292582876149449
gene_776	0.20742673481604643	3.5927374803194003	1.735746767320039
gene_777	0.41368897418692263	2.5193431882634383	1.394549667188253
gene_778	0.13329159778757246	2.750919623927586	0.21366785741481595
gene_779	0.2014129225775445	1.6417457674134706	1.097616491789591
gene_780	0.3047837931329566	3.1920388713758077	1.3924010171469794
gene_781	0.14485394146248354	2.0722287175538234	6.8339786920632095
gene_782	0.2332948804106887	2.395517307914541	1.9901295161289003
gene_783	0.13376170713063723	1.7211852393912446	1.9083421331201187
gene_784	0.2565473245616294	2.931808357448996	1.1100129424511405
gene_785	0.10272262077998498	2.6967167201411635	9.248927478696315
gene_786	0.2131879698332814	2.081053015528203	2.501682304611536
gene_787	0.2140742706441178	2.374904474937647	0.8543000020767411
gene_788	0.27115402784703435	1.0895640785751366	5.215451505174982
gene_789	0.1604884406198169	1.8602654786236328	2.19596144008496
gene_790	0.1798830256529093	1.5193565240680025	12.986398250276514
gene_791	0.14205522561856673	2.091660004389503	2.652931314952847
gene_792	0.20792324453322547	1.6602327634788037	3.9444973707259927
gene_793	0.21592725699555326	1.255008198198744	4.137150372650246
gene_794	0.13390288177086607	2.5965731748356924	2.091542915519606
gene_795	0.1771478050203808	3.9625371759208092	5.489399081419996
gene_796	0.1956871529240209	2.373959550502899	1.0878663583610995
gene_797	0.20349077829337514	1.8882696511133024	1.0225173883849665
gene_798	0.17146434298486662	1.2461784747556988	0.45784912188318927
gene_799	0.1655129286550856	2.1864599781486755	7.054568978198526
gene_800	0.16303105423005618	3.6441032554198807	3.3592151153411254
gene_801	0.24994844190654997	2.638444817182983	13.338156595138079
gene_802	0.38800353659835246	2.6228182151335178	1.555109369804898
gene_803	0.3030731703956808	1.974966335700952	0.4045971568121099
gene_804	0.21098581223865887	2.1266507433146615	1.8999972262543
gene_805	0.1740369533530302	1.693891663950902	4.283734009926074
gene_806	0.16003289051372444	1.9876105813525697	19.49024870270872
gene_807	0.23003485441006052	1.2216228308330743	1.20871362677489
gene_808	0.20221829263436317	1.403056813911641	5.321755604459344
gene_809	0.21877082070476567	2.0039004463376284	0.8911128148858306
gene_810	0.17202225770249002	1.814766135320496	4.743846309682529
gene_811	0.1832237351950125	1.729780453094405	21.642954385510944
gene_812	0.1950514712315212	1.8513506912427569	5.047727384008905
gene_813	0.18682682649861426	1.489604713714832	9.656333768625345
gene_814	0.1633255712061753	1.5079868748610383	0.2465247292959304
gene_815	0.20279569657865507	2.0717209451565486	10.969581928811532
gene_816	0.15044407823343015	2.5901094533231084	5.138964860422271
gene_817	0.30072657003819314	2.2907706005786905	8.716816188659525
gene_818	0.2546905691943801	2.0810212614046364	6.480599580846937
gene_819	0.172131829423322	1.5844948132890802	0.25403487548026277
gene_820	0.22603203612187187	3.0853753109867714	1.349595412058226
gene_821	0.2104199761082367	2.8814482908442662	1.5332304102225052
gene_822	0.13654025063886188	2.9435826196581747	1.2174725537249576
gene_823	0.31599608336437396	3.1227613604682856	3.748649688805573
gene_824	0.16285436751338897	1.4955232012790711	5.147918833178006
gene_825	0.19288129619221278	2.054171963701778	3.3470958910236632
gene_826	0.1302706736478496	2.0116285518195824	0.9453200103249443
gene_827	0.21833113998652004	2.3734793027276053	2.1869660470952974
gene_828	0.15684876557376823	1.6360464372197745	4.01418301873691
gene_829	0.19476856550288427	2.4641302808543686	2.498321782674074
gene_830	0.3106237393371215	1.7481932312856703	13.142482430260296
gene_831	0.22361264668781433	2.840943319517264	2.3080247026409038
gene_832	0.20340765832168797	2.441421105303595	1.4623773658708403
gene_833	0.22191292997786266	2.4228749821222304	0.566316693824156
gene_834	0.18156950510903752	1.2652478901877622	3.8708122158149694
gene_835	0.14966820181146825	2.2198055031957504	0.6856683985573492
