10	2C	1.1	2
11	2C	1.2	2
12	2C	2.1	2
13	2C	2.2	2
14	2C	3.1	2
15	2C	3.2	2
16	2C	4.1	2
17	2C	5.1	2
18	2C	5.2	2
19	2C	6.1	2
20	2C	6.2	2
21	2C	7.1	2
22	2C	7.2	2
23	2C	8.1	2
24	2C	8.2	2
25	2C	9.1	2
26	2C	9.2	2
27	2C	10.1	2
28	2C	10.2	2
29	4C	1.1	4
30	4C	1.2	4
31	4C	1.3	4
32	4C	1.4	4
33	4C	2.1	4
34	4C	2.2	4
35	4C	2.3	4
36	4C	3.1	4
37	4C	3.2	4
38	4C	3.3	4
39	4C	3.4	4
40	4C	4.1	4
41	4C	4.2	4
42	4C	4.3	4
43	4C	4.4	4
44	4C	5.1	4
45	4C	5.2	4
46	4C	5.3	4
47	4C	5.4	4
48	4C	6.1	4
49	4C	6.2	4
50	4C	6.3	4
51	4C	6.4	4
52	8C	1.1	8
53	8C	1.2	8
54	8C	1.3	8
55	8C	1.4	8
56	8C	1.5	8
57	8C	2.1	8
58	8C	2.2	8
59	8C	2.3	8
60	8C	2.4	8
61	8C	2.5	8
62	8C	2.6	8
63	8C	2.7	8
64	8C	2.8	8
65	8C	3.1	8
66	8C	3.2	8
67	8C	3.3	8
68	8C	3.4	8
69	8C	3.5	8
70	8C	3.6	8
71	8C	3.7	8
72	8C	3.8	8
74	8C	4.2	8
75	8C	4.3	8
76	8C	4.4	8
77	8C	4.5	8
78	8C	4.6	8
79	8C	4.7	8
80	8C	5.1	8
81	8C	5.2	8
82	8C	5.3	8
83	8C	5.4	8
84	8C	5.5	8
85	8C	5.6	8
86	8C	5.7	8
87	8C	5.8	8
88	8C	6.1	8
89	8C	6.2	8
90	8C	6.3	8
91	8C	6.4	8
92	8C	6.5	8
93	8C	6.6	8
94	8C	6.7	8
95	8C	6.8	8
96	16C	1.1	16
97	16C	1.2	16
98	16C	1.3	16
99	16C	1.4	16
100	16C	1.5	16
101	16C	1.6	16
102	16C	1.7	16
103	16C	1.8	16
104	16C	1.9	16
105	16C	1.10	16
106	16C	1.11	16
107	16C	1.12	16
108	16C	1.13	16
109	16C	1.14	16
110	16C	1.15	16
111	16C	1.16	16
112	16C	2.1	16
113	16C	2.2	16
114	16C	2.3	16
115	16C	2.4	16
116	16C	2.5	16
117	16C	2.6	16
118	16C	2.7	16
119	16C	2.8	16
120	16C	2.9	16
121	16C	2.10	16
122	16C	2.11	16
123	16C	2.12	16
124	16C	2.13	16
125	16C	2.14	16
126	16C	2.15	16
127	16C	2.16	16
128	16C	3.1	16
129	16C	3.2	16
130	16C	3.3	16
131	16C	3.4	16
132	16C	3.5	16
133	16C	3.6	16
134	16C	3.7	16
135	16C	3.8	16
136	16C	3.9	16
137	16C	3.10	16
138	16C	3.11	16
139	16C	3.12	16
140	16C	3.13	16
141	16C	3.14	16
142	16C	3.15	16
143	16C	4.1	16
144	16C	4.2	16
145	16C	4.3	16
146	16C	4.4	16
147	16C	4.5	16
148	16C	4.6	16
149	16C	4.7	16
150	16C	4.8	16
151	16C	4.9	16
152	16C	4.10	16
153	16C	4.11	16
154	16C	4.12	16
155	16C	4.13	16
156	16C	4.14	16
157	16C	4.15	16
158	16C	4.16	16
159	16C	5.1	16
160	16C	5.2	16
161	16C	5.3	16
162	16C	5.4	16
163	16C	5.5	16
164	16C	5.6	16
165	16C	5.7	16
166	16C	5.8	16
167	16C	5.9	16
168	16C	5.10	16
169	16C	5.11	16
170	16C	5.12	16
171	32C	1.1	32
172	32C	1.2	32
173	32C	1.3	32
174	32C	1.4	32
175	32C	1.5	32
176	32C	1.6	32
177	32C	1.7	32
178	32C	1.8	32
179	32C	1.9	32
180	32C	1.10	32
181	32C	1.11	32
182	32C	1.12	32
183	32C	1.13	32
184	32C	1.14	32
185	32C	1.15	32
186	32C	1.16	32
187	32C	1.17	32
188	32C	1.18	32
189	32C	1.19	32
190	32C	1.20	32
191	32C	1.21	32
192	32C	2.1	32
193	32C	2.2	32
194	32C	2.3	32
195	32C	2.4	32
196	32C	2.5	32
197	32C	2.6	32
198	32C	2.7	32
199	32C	2.8	32
200	32C	2.9	32
201	32C	2.10	32
202	32C	2.11	32
203	32C	2.12	32
204	32C	2.13	32
205	32C	2.14	32
206	32C	2.15	32
207	32C	2.16	32
208	32C	3.1	32
209	32C	3.2	32
210	32C	3.3	32
211	32C	3.4	32
212	32C	3.5	32
213	32C	3.6	32
214	32C	3.7	32
215	32C	3.8	32
216	32C	4.1	32
217	32C	4.2	32
218	32C	4.3	32
219	32C	4.4	32
220	32C	4.5	32
221	32C	4.6	32
222	32C	4.7	32
223	32C	4.8	32
224	32C	4.10	32
225	32C	4.11	32
226	32C	4.12	32
227	32C	4.13	32
228	32C	4.14	32
229	32C	4.15	32
230	32C	4.16	32
231	32C	4.17	32
232	32C	4.18	32
233	32C	4.19	32
234	32C	4.20	32
235	32C	4.21	32
236	32C	4.22	32
237	32C	4.23	32
238	32C	4.24	32
239	32C	5.1	32
240	32C	5.2	32
241	32C	5.3	32
242	32C	5.4	32
243	32C	5.5	32
244	32C	5.6	32
245	32C	5.7	32
246	32C	5.8	32
247	32C	5.9	32
248	32C	5.10	32
249	32C	5.11	32
250	32C	5.12	32
251	32C	5.13	32
252	32C	5.14	32
253	32C	5.15	32
254	32C	5.16	32
255	32C	5.17	32
256	32C	5.18	32
257	32C	5.19	32
258	32C	5.20	32
259	32C	5.21	32
260	32C	5.22	32
261	32C	5.23	32
262	32C	6.1	32
263	32C	6.2	32
264	32C	6.3	32
265	32C	6.4	32
267	32C	6.6	32
268	32C	6.7	32
270	32C	7.1	32
271	32C	7.2	32
272	32C	7.3	32
273	32C	7.4	32
274	32C	7.5	32
275	32C	7.6	32
277	32C	7.8	32
278	32C	8.1	32
279	32C	8.2	32
281	32C	8.4	32
282	32C	8.5	32
283	32C	8.6	32
284	64C	1.1	64
285	64C	1.2	64
286	64C	1.3	64
287	64C	1.4	64
288	64C	1.5	64
289	64C	1.6	64
290	64C	1.7	64
291	64C	1.8	64
292	64C	1.9	64
293	64C	1.10	64
294	64C	1.11	64
295	64C	1.12	64
296	64C	1.13	64
297	64C	1.14	64
298	64C	1.15	64
299	64C	1.16	64
300	64C	1.17	64
301	64C	1.18	64
302	64C	1.19	64
303	64C	1.20	64
304	64C	1.21	64
305	64C	1.22	64
306	64C	1.23	64
307	64C	1.24	64
308	64C	1.25	64
309	64C	1.26	64
310	64C	1.27	64
311	64C	1.28	64
312	64C	1.29	64
313	64C	1.30	64
314	64C	1.31	64
315	64C	1.32	64
316	64C	1.33	64
317	64C	1.34	64
318	64C	1.35	64
319	64C	1.36	64
320	64C	1.37	64
321	64C	1.38	64
322	64C	1.39	64
323	64C	1.40	64
324	64C	1.41	64
325	64C	1.42	64
326	64C	1.43	64
327	64C	1.44	64
328	64C	1.45	64
329	64C	1.46	64
330	64C	1.47	64
331	64C	1.48	64
332	64C	2.1	64
333	64C	2.2	64
334	64C	2.3	64
335	64C	2.4	64
336	64C	2.5	64
337	64C	2.6	64
338	64C	2.7	64
339	64C	2.8	64
340	64C	2.9	64
341	64C	2.10	64
342	64C	2.11	64
343	64C	2.12	64
344	64C	2.13	64
345	64C	2.14	64
346	64C	2.15	64
347	64C	2.16	64
348	64C	2.17	64
349	64C	2.18	64
350	64C	2.19	64
351	64C	2.20	64
352	64C	2.21	64
353	64C	2.22	64
354	64C	2.23	64
355	64C	2.24	64
356	64C	2.25	64
357	64C	3.1	64
358	64C	3.2	64
359	64C	3.3	64
360	64C	3.4	64
361	64C	3.5	64
362	64C	3.6	64
363	64C	3.7	64
364	64C	3.8	64
365	64C	4.1	64
366	64C	4.1	64
367	64C	4.2	64
368	64C	4.3	64
369	64C	4.4	64
370	64C	4.5	64
371	64C	4.6	64
372	64C	4.7	64
373	64C	4.8	64
374	64C	4.9	64
375	64C	4.10	64
376	64C	4.11	64
377	64C	4.12	64
378	64C	4.13	64
379	64C	4.14	64
380	64C	4.15	64
381	64C	4.16	64
382	64C	4.17	64
383	64C	4.18	64
384	64C	4.19	64
385	64C	4.20	64
386	64C	4.21	64
387	64C	4.22	64
388	64C	4.23	64
389	64C	4.24	64
390	64C	4.25	64
391	64C	4.26	64
392	64C	4.27	64
393	64C	4.28	64
394	64C	4.29	64
395	64C	4.30	64
396	64C	4.31	64
397	64C	4.32	64
398	64C	4.33	64
399	64C	4.34	64
400	64C	4.35	64
401	64C	4.36	64
402	64C	4.37	64
403	64C	4.38	64
404	64C	4.39	64
405	64C	5.1	64
406	64C	5.2	64
407	64C	5.3	64
408	64C	5.4	64
409	64C	5.5	64
410	64C	5.6	64
411	64C	5.7	64
412	64C	5.8	64
413	64C	5.9	64
414	64C	5.10	64
415	64C	5.11	64
416	64C	5.12	64
417	64C	5.13	64
418	64C	5.14	64
419	64C	5.15	64
420	64C	5.16	64
421	64C	6.1	64
422	64C	6.2	64
423	64C	6.3	64
424	64C	6.4	64
425	64C	6.5	64
426	64C	6.6	64
427	64C	6.7	64
428	64C	6.8	64
429	64C	7.1	64
430	64C	7.2	64
431	64C	7.3	64
432	64C	7.4	64
433	64C	7.5	64
434	64C	7.6	64
435	64C	7.7	64
436	64C	7.8	64
437	64C	7.9	64
438	64C	7.10	64
439	64C	7.11	64
440	64C	7.12	64
441	64C	7.13	64
442	64C	7.14	64
