	alpha	beta	genescale
gene_0	0.1543408793317246	3.6103058780513866	4.7955778588890725
gene_1	0.19029620451394544	2.0090673113079247	1.713643048490158
gene_2	0.21287740612885586	1.3687447888423916	41.24745818734759
gene_3	0.12650009414361613	1.9057415408871232	1.0958859577889513
gene_4	0.3468574198384466	1.3750467179543704	3.184964902629134
gene_5	0.3111951763505313	2.994485760242041	0.7317474251047471
gene_6	0.16814527261607634	1.9805211304487076	10.089932563346062
gene_7	0.13508888787565926	2.415329721951389	9.236474507534936
gene_8	0.11595995933369585	2.1806922963109563	0.8169312899088916
gene_9	0.29674283722145123	1.9511574772286224	0.453689437427631
gene_10	0.15881193681001152	2.7057443438910114	4.098106034853647
gene_11	0.2666827348494155	2.752300705042684	8.136412712917613
gene_12	0.22072054058465326	1.5917536729944364	1.0706550172066616
gene_13	0.1477403696633835	1.9149408578945184	4.83428301481556
gene_14	0.24916804412129046	1.5579811405544626	11.756110033064495
gene_15	0.16694255676291256	1.7674443562307052	2.293105340303877
gene_16	0.16272960185545912	3.1402615565612666	9.779269517390805
gene_17	0.16512171490227873	1.4386285449955387	1.7811334897832332
gene_18	0.18843827869542026	2.073973642529064	7.670408234199857
gene_19	0.238270977921157	2.171390394160064	0.859815464251502
gene_20	0.2660138646753627	2.1383383323640173	9.12798330169745
gene_21	0.20807244157379493	1.2070002595486682	0.3476793731692481
gene_22	0.15296347746782288	1.5284986113561936	0.33533018522037106
gene_23	0.1651112639274054	2.1712282394910267	3.049700317601141
gene_24	0.26160745778230776	1.5829705668886203	1.4554586922987784
gene_25	0.12762542532070253	2.1612310434428683	1.439870198353394
gene_26	0.17132182760514314	2.011783907436584	2.3267709083119925
gene_27	0.1832623407553755	1.9770557431396856	3.3960645503828863
gene_28	0.16450702636422992	1.4551424581579906	1.0643877791757186
gene_29	0.1601924997068013	1.6930089661277798	3.0246808553320967
gene_30	0.12433298889640185	1.4725736641910008	0.5886062863437611
gene_31	0.13614587598713554	2.1713854340473207	2.803446491695693
gene_32	0.19641422229800395	1.7258376089892604	1.3800519656092336
gene_33	0.19976372205804932	2.5368539555137763	0.5286803841114246
gene_34	0.15338651268205936	2.1855765159740748	6.597200555580097
gene_35	0.18668222118917766	2.4202039331482728	5.631731483331605
gene_36	0.19353374569595053	1.2223212450722567	3.1517219907216716
gene_37	0.2422698811249521	1.8896172855083984	1.9034942058612985
gene_38	0.17659563629253736	2.958396961841858	1.9928912245486257
gene_39	0.3038223828429975	2.8827901242245275	7.299463288823607
gene_40	0.1803023926005437	2.145007563542828	6.166709930916669
gene_41	0.1711809277970524	2.222469412710164	8.575685071044026
gene_42	0.16668510589559998	2.6857914355499197	3.9811219997678
gene_43	0.22310401722531226	1.5588047173149522	1.6917737883599062
gene_44	0.2731265767561128	2.686256484716217	1.2290332240824304
gene_45	0.24152497252094274	1.0335919026202776	0.7596174213923073
gene_46	0.14682253724468494	2.1571716297803016	2.6569388618601826
gene_47	0.17074878416207254	1.6960871901557446	4.665825679498698
gene_48	0.27950617267950423	1.4623108113273722	6.002153948378218
gene_49	0.3201113361958572	1.6976167298465707	5.276538576820429
gene_50	0.28136650305961225	1.2688389996383034	4.147504028747126
gene_51	0.2466552742818574	3.0974121987052787	21.40811992808704
gene_52	0.17083200979061347	1.9492494900436936	0.2558491036730321
gene_53	0.15893708593716374	2.375514949131288	2.020904303269592
gene_54	0.2362454768750617	2.2371823245007842	5.72915848557342
gene_55	0.20752130524831772	1.6356180719289148	3.235263989028649
gene_56	0.24026665677015574	2.584302724290815	2.689865974340329
gene_57	0.2564945075862567	1.8956028675824288	0.7060534225320217
gene_58	0.32499556092389115	1.564653104075811	10.535561756115037
gene_59	0.19055279307678227	2.6985457991445174	7.571646194048476
gene_60	0.2020074176538795	1.7136988341665662	0.6281441748271122
gene_61	0.1733780068399276	2.780920201186034	1.6436785260095264
gene_62	0.2179488320295488	3.2092139502308794	0.5729907192000104
gene_63	0.13298329646162388	1.779964673162987	1.2918819376709114
gene_64	0.15104376886764334	1.3965889501871174	2.189671965416732
gene_65	0.181381833885466	3.787613667739469	0.5091580478118324
gene_66	0.1994968972074464	2.6058472411933837	2.343608647099161
gene_67	0.2516722277998854	2.1199062076464052	0.277163718715543
gene_68	0.16197716329225242	1.1806582791225504	1.5165198744625068
gene_69	0.1772100656053924	1.6710754244569608	1.4010421832164976
gene_70	0.20326499261504724	2.606062666714987	1.1982350534716646
gene_71	0.14408918255663514	1.654769308874946	3.927693823008812
gene_72	0.14533236020937546	2.1747384646546117	1.4499624380194585
gene_73	0.18216844862723888	1.3299726790198771	1.5151981051238474
gene_74	0.24334694671191895	3.3672141712502963	2.427662756827464
gene_75	0.2215303422280584	1.4605033568265675	2.8463494464712533
gene_76	0.27086823952583977	2.2745378084975623	1.3222078847951362
gene_77	0.19317920977631192	1.8580580661196129	2.5425733211374744
gene_78	0.19679529010753488	1.957423593005484	1.7508065903942642
gene_79	0.1763146223197816	2.952403545009844	0.8844408694508776
gene_80	0.12113206165767708	1.3057243862584362	3.1746537462785938
gene_81	0.15336570791018836	2.864532971958906	1.0789057111205964
gene_82	0.2114401707665924	1.9064941069046013	0.2811052581935413
gene_83	0.25105140849209656	1.2789917829348785	7.338131566822429
gene_84	0.2585716152428084	4.8064034690616255	0.9634838111997164
gene_85	0.3436414971537121	1.8661249173316887	1.9613127436360225
gene_86	0.1998002696275708	2.4325739828400508	16.64341117801287
gene_87	0.2503030546528786	2.919015559638624	1.1182108518481753
gene_88	0.18202954056054202	1.624201688325703	1.3496144299720758
gene_89	0.3082937502122987	2.113976101638501	0.43870873830035095
gene_90	0.18359639507486444	1.8999068220218231	45.931740165522974
gene_91	0.3326484316680007	2.0761473927678464	1.1110322349763944
gene_92	0.1307457764436868	3.2968845799149387	0.5449011515477403
gene_93	0.17486886318632905	1.6155487735874516	5.130581344857106
gene_94	0.2113450969841361	1.572931760394504	4.473721452048877
gene_95	0.2720821294350873	1.4820599301207849	2.147178293501752
gene_96	0.172140934024071	1.2591377631128715	3.456518139541009
gene_97	0.11677888154765308	3.2550154823987514	3.8050058387805183
gene_98	0.22186652119622224	1.9242266757559572	2.296952003036564
gene_99	0.11392897887777315	2.0946540343403908	0.2960961093818379
gene_100	0.2559319454737747	1.9015142818354809	5.0813341591507
gene_101	0.14098354292942444	1.5651583565578964	4.141103365577348
gene_102	0.30039601135652594	1.9784160290222788	3.8948376707708383
gene_103	0.17433122278049062	3.5581087368397597	5.572855945572426
gene_104	0.3065112311095618	2.407051827894307	0.6174301077347559
gene_105	0.21327539391965625	2.3585456100757467	1.3079273974915608
gene_106	0.1992439350489876	3.042739049742984	6.063023402660257
gene_107	0.1884030921092041	1.7644445687754666	0.9488879308962684
gene_108	0.2543704792102578	1.6073349500473746	11.06255051694777
gene_109	0.2420973860908625	1.5877707104589251	9.365618155610065
gene_110	0.22304367421775526	2.2652897381983106	0.8330016869937759
gene_111	0.1268437024299096	2.8247227086385216	10.154407667347543
gene_112	0.12471469278892892	1.661372746162798	1.3678501272620027
gene_113	0.16160814760552975	1.8646897619300693	12.779737644563545
gene_114	0.12694391897660365	2.089633447972619	12.52473605002284
gene_115	0.2939881134504285	1.2357801685904093	2.8357548936023615
gene_116	0.3342517462403493	2.579458929606293	1.7050364321210267
gene_117	0.3100078875191614	2.6704525345556918	3.1826851231330604
gene_118	0.12980006976617148	2.4430490587021505	2.7638151735549044
gene_119	0.210024161101156	2.260248277920869	1.4839858276677838
gene_120	0.2686093514106279	2.0269481380249847	1.6463885780915644
gene_121	0.27597116192870697	2.0010503483117548	0.4104868806410462
gene_122	0.1989204970195837	1.2077764854364548	5.741772937434697
gene_123	0.2379496342290784	1.9655486197337981	1.7279672171976406
gene_124	0.16920816488057067	1.9531182636709203	1.0761861245149866
gene_125	0.15805467212833296	2.812193328756002	1.267151879834835
gene_126	0.23998516519373286	2.4568204826633875	0.426952173540488
gene_127	0.2449350361857554	1.2345550072766087	1.0857108215389184
gene_128	0.18441907247696895	1.8187388314437278	0.8914746970658816
gene_129	0.2810695626024234	2.567571776989405	0.4564981656791355
gene_130	0.17623715561014594	3.3911636374929888	2.505397968228888
gene_131	0.35368184646849105	1.726805960204788	1.998796146804004
gene_132	0.20897930314036506	2.0246539446046885	0.22302158185068624
gene_133	0.210168346825896	2.2846084516131704	6.018797940516656
gene_134	0.190155357669163	1.6543047515627851	1.2605316270955378
gene_135	0.22796014353184	1.864171238503106	5.077199541918052
gene_136	0.14669290116744088	1.4511236489403303	0.8632548447807873
gene_137	0.3460149438558789	1.6829636329209192	0.20497752139480785
gene_138	0.4065218439847281	2.821091382586596	1.5113157172237266
gene_139	0.2262183650528332	2.5792333668183978	2.7453509621266314
gene_140	0.26374096028836	1.571930698016395	6.769007407330417
gene_141	0.2920289210539623	1.8168303126193677	2.8893483084483607
gene_142	0.2522726698434525	1.6923712355849088	3.9575989284493343
gene_143	0.3504642984206355	1.7196096939664005	0.99925069949408
gene_144	0.2456792264989945	2.381775288560096	0.660558166061697
gene_145	0.19513664891496907	3.0099218790292444	2.82717201715968
gene_146	0.1774801484697094	1.8260214731966475	3.3193579953367345
gene_147	0.21006003729765546	2.3382727259460045	0.8082634407328352
gene_148	0.18676243861971908	1.5220616080374891	1.6601452848104383
gene_149	0.153620497973897	2.04780500985286	0.692989508151058
gene_150	0.13077510927793784	2.5038487844587314	3.353459699573806
gene_151	0.21191983093574385	2.480361924827268	1.58101805770098
gene_152	0.13012554866144074	2.279401789126126	1.3241779921596106
gene_153	0.13168585856097265	3.3334215927092496	1.2766496136519272
gene_154	0.12975631714287278	1.745056888443344	2.9072545058555384
gene_155	0.13572212305002174	2.3517045304226034	4.832266261799575
gene_156	0.3008018662183718	2.9483219685357964	0.4525737107673177
gene_157	0.16761249720245647	1.9147762852014567	21.046144230329567
gene_158	0.13729385339983738	1.1838358347501972	2.9655015259267485
gene_159	0.20075973872509853	2.6696797576123785	2.0981425080212794
gene_160	0.12695569466568862	3.0178406000177387	0.27741510566358474
gene_161	0.15564003015078293	2.6429888647791397	2.6180015445038998
gene_162	0.3484278488031756	3.1100646959960465	0.8200556227896166
gene_163	0.10969047195401724	2.1536632103600333	2.8883179428697896
gene_164	0.14198082254324168	1.5421166881539827	8.023272712523992
gene_165	0.16799559443401316	2.5722285213377893	2.2869609922535887
gene_166	0.20579083061902145	2.130726224433033	3.2949106064243137
gene_167	0.11380691587285348	3.6152818465812864	2.6411405795074283
gene_168	0.20113003864499304	1.7211548685867093	23.827267988112446
gene_169	0.22431009049917566	1.70531834527237	1.5736323446099785
gene_170	0.21069538609112204	2.0644678580238707	1.3678028456292342
gene_171	0.2457731015608502	2.4794822688596616	3.4986171348882875
gene_172	0.1625103122308495	3.4377282328562204	0.3521376941364532
gene_173	0.24551413841517	1.3575466051820062	0.9750962146480484
gene_174	0.13201778081200768	2.8153072374175085	0.9019406205838678
gene_175	0.1915309129596305	4.683676184078097	2.3822110068503557
gene_176	0.19020678015316786	2.3146819490039645	13.8103539464841
gene_177	0.18573604072668154	1.514272891101646	2.071749091958336
gene_178	0.2413360439249517	2.1338320588399693	6.660634467293226
gene_179	0.1902430420088131	2.0646633163001282	1.8767409986005423
gene_180	0.2968934588516994	3.587089624354601	3.1019653738315363
gene_181	0.16755854780000778	2.5731180494549983	1.4786199050327746
gene_182	0.4171172124257427	2.1107547073695554	4.471149478801827
gene_183	0.22503788866015428	2.0040991882626518	2.6520000462483395
gene_184	0.2097865498342477	4.426837321945251	2.2061901397052903
gene_185	0.33425138751897554	2.6955785701786352	1.242886348334961
gene_186	0.2324458839197705	1.5803670549230986	4.219214753317987
gene_187	0.1232744579854878	2.6978351464729773	4.39886124152338
gene_188	0.17648202973473184	2.686755352029667	0.4876147878457108
gene_189	0.2056256734971832	2.6773481932817043	2.3070343060722416
gene_190	0.2600842782332545	1.8553156144191332	7.096208250327688
gene_191	0.1887370959771658	1.6146728607270118	5.990805589276206
gene_192	0.17561162088320026	1.8971096891400272	3.7209689994323374
gene_193	0.2285751846071931	2.565315251513149	2.5836095034754027
gene_194	0.2414888181423637	1.5793065571453937	2.8602744164127936
gene_195	0.17664166380399493	1.9582962402171007	1.8010789036260817
gene_196	0.24550680930441635	1.4406020585764538	1.5725051734313875
gene_197	0.2029365677491888	2.244012994246463	11.43652279685558
gene_198	0.14759767156181666	2.43780314727705	2.619771464854981
gene_199	0.15329266812951947	2.845012515504957	4.477073792633278
gene_200	0.1974470181707456	2.2817013876534027	0.9053582617418736
gene_201	0.2529058625571136	1.850482455967419	1.9292503234673144
gene_202	0.15558907616893095	1.562239428099035	6.099358059292494
gene_203	0.1439242153313411	1.2370975077435342	1.3398550984692803
gene_204	0.2422517458793224	2.2661092326142795	3.230618978675836
gene_205	0.1528435166316772	2.908526463188247	2.071730702095488
gene_206	0.3604678004023141	1.3753031266233997	1.3465260392951055
gene_207	0.2305244293021756	1.5555750265570865	0.7721140938721875
gene_208	0.15985878989680002	2.5806694400676875	3.0368601357097345
gene_209	0.15838799815497634	1.6191043922710808	8.526377252266471
gene_210	0.2123525238914596	2.2379046645191703	10.926224930164485
gene_211	0.18161586258599155	1.8805480546786644	1.6518365967068478
gene_212	0.15284063510514145	1.5680350765159408	2.909074829667725
gene_213	0.12589879083427222	2.1083941228169465	2.45363158555579
gene_214	0.2188493669256339	3.1257230194599472	13.068820133524842
gene_215	0.2388761622646681	2.8003035900204156	0.4936845033688345
gene_216	0.2430083795070204	2.7294334758765766	2.8902411120630913
gene_217	0.2814452668809321	1.1743742587780086	1.2784982300946484
gene_218	0.2872949787258972	1.844027178989304	4.172202252812422
gene_219	0.14333546411480416	3.871780872869051	13.806438641612846
gene_220	0.14247289487899262	1.6474500879239462	0.9526200574801242
gene_221	0.2528684154465474	1.9280151886113075	2.282820155724706
gene_222	0.13063324869955675	2.4109375770574903	1.5097636208023202
gene_223	0.2311422554922909	1.9385186189496435	0.6553677397737181
gene_224	0.13368272453159713	2.1850777115062407	2.485563733049565
gene_225	0.2127035080602707	1.5621751041110399	0.40811821771915213
gene_226	0.16324811324363842	3.1492281206576567	0.26566152245767793
gene_227	0.2362656999833268	1.710817409280406	3.407351048817305
gene_228	0.15094889659425606	1.8635447934790907	1.1248300832556948
gene_229	0.1294772836136301	3.708831043926669	7.3097035345469035
gene_230	0.18576946770554087	3.2324029032976878	0.813035849605352
gene_231	0.22083796557338067	1.640849808304654	0.7993790277100076
gene_232	0.30523895684213337	2.872984040695292	1.8270043083727256
gene_233	0.19984421307871456	2.3451974754549934	8.077165979107276
gene_234	0.2745958724243875	1.993445907731315	2.4685354415093306
gene_235	0.15844213162462292	2.0794694193465824	1.9258994573271608
gene_236	0.1819724112618919	1.767978095526683	6.386170537413612
gene_237	0.17723463366186076	1.2830505337103963	14.853273230947998
gene_238	0.21537954736520504	1.4524024271781328	2.360240314486437
gene_239	0.3138053345563151	2.6581423775588173	4.9492706429944535
gene_240	0.14395038098358726	2.070721213541536	1.8902822534520665
gene_241	0.2107000025795661	1.8290943340927812	4.929722565386946
gene_242	0.19655575318516788	2.0171400271322018	0.6981437331631315
gene_243	0.2328601893078719	2.421789942546761	1.6198464207304892
gene_244	0.2432743275098213	2.390509632130801	1.8483525465905244
gene_245	0.20712678758723396	1.8393606078781328	0.8025537344956568
gene_246	0.3009809677554457	3.257217375861162	11.823816330290166
gene_247	0.23756710918223795	2.8932272999973683	6.1978432856827315
gene_248	0.2791050861296114	1.6454280465589473	1.1702062917034586
gene_249	0.2273763794599443	2.590046161025408	4.112608821699642
gene_250	0.23357592352196846	1.9260040317827556	2.024562663978546
gene_251	0.20120377054153127	1.8830971889123007	1.493183915675148
gene_252	0.2151684606212416	3.40975885873171	0.9459711393883316
gene_253	0.21047266140774634	1.8725481912701916	6.724316710147746
gene_254	0.18933874372061504	1.803568430631248	2.2192688886569805
gene_255	0.16120854112471647	1.4226664074749604	1.4608018167299075
gene_256	0.23344200964949666	1.446413840275829	5.541239949952601
gene_257	0.1363060005721091	1.7016159636357466	5.34357861685106
gene_258	0.20922671369131826	1.2428867290097567	0.8143493114456435
gene_259	0.1232396427225724	1.6610013435160351	25.892926638964443
gene_260	0.06663541380029056	1.7971309713665613	0.8419438490328176
gene_261	0.14447584960834303	1.93391424427384	4.811397644795097
gene_262	0.19510158252544785	1.5877981141887216	5.446189400401551
gene_263	0.1743386306734091	1.511057335715333	1.0539497694784
gene_264	0.18829114939313135	1.4490120561707371	5.432184802275867
gene_265	0.09793733782862947	3.376425642430257	4.001781910561694
gene_266	0.29660625003338426	2.3469405471123035	0.11599280431298856
gene_267	0.1783260303640551	4.38650237298346	1.8015742726918569
gene_268	0.17673159232328153	1.0906315525371515	0.5686658805220227
gene_269	0.182871506706162	1.232200099141834	1.9271706489032017
gene_270	0.20843484939893692	2.24255156357774	0.8833313828155634
gene_271	0.1680278926450103	4.768202469778379	1.0765296904405317
gene_272	0.1794206047976047	2.173301357716647	3.6958833438282914
gene_273	0.2604584330671565	1.1219216206353222	0.6215301099750832
gene_274	0.19418327631968654	2.531362205076084	1.8427702163233983
gene_275	0.1872649677222563	1.395722877277242	2.2132817187116616
gene_276	0.1219586366086136	1.6035545130032365	1.3804850619051303
gene_277	0.25414948769535456	2.6002013056317392	4.8138975731338585
gene_278	0.20293609355532924	2.8032164354443587	0.5937868979796884
gene_279	0.32618119253613514	1.819382901107012	1.4299920040089449
gene_280	0.17079997989961102	2.4753706490725595	14.332354511186635
gene_281	0.2306758728349385	2.6316599900435382	1.4622835174015345
gene_282	0.2348968005556505	1.836018622135397	20.98968435203137
gene_283	0.2277782878407431	1.5686730437559224	3.238203607172837
gene_284	0.1857364231218324	1.9105060589285612	0.5098897939140524
gene_285	0.2520270640118322	3.541013645752037	3.0674711877875462
gene_286	0.18288199278009945	1.8185918919383492	6.0231401797596655
gene_287	0.2255034428797679	2.6994170749051905	0.9527203625814946
gene_288	0.13054105590423784	1.5900884678982683	3.6541026346759455
gene_289	0.22346726134246392	1.9435483284065744	18.523515309808637
gene_290	0.2485303259621919	2.1873698308266047	5.0823409157723605
gene_291	0.1916866962977473	2.191366597539002	2.3038064671025604
gene_292	0.1935569443989313	1.7911153990507944	1.3741958937927508
gene_293	0.12689661281280826	2.2171951810050405	1.9789807397496344
gene_294	0.15600686418307216	2.3225480197042754	0.7670135509237049
gene_295	0.1942273242462026	2.7998236342608616	0.925682105792452
gene_296	0.2581129183139202	1.6152793419542464	0.994262186028489
gene_297	0.24136034133183465	2.0173652495010344	1.1896215680152613
gene_298	0.17568806852297333	2.1681007605897333	1.6215246406164658
gene_299	0.1858182104947832	1.1196538532238354	1.5005203301061207
gene_300	0.12995572888051682	2.532285098279245	2.410428581716514
gene_301	0.1776244076084697	2.1528418912348366	1.1685843125447315
gene_302	0.2617279072134021	1.9979235924020984	2.0823588806376234
gene_303	0.2647654488221859	2.2174617826344667	5.699029648106282
gene_304	0.24127493442482656	1.2901161545586983	3.2892950749817995
gene_305	0.12344936512281787	1.4605756712503992	10.925810597738774
gene_306	0.1707912218850485	1.74620162446962	0.6149846780206214
gene_307	0.1950862683279986	2.1319112931342743	3.300915922265209
gene_308	0.2650120750268905	2.214547430516787	0.8624373760385317
gene_309	0.4444073602953851	3.702049735016367	4.871400061049936
gene_310	0.14628306246257206	3.2479215232217524	1.7750627050720087
gene_311	0.23621881332876624	1.9468023391327087	0.8401293249110198
gene_312	0.3015151125652301	1.3139972487365326	0.4678998848873225
gene_313	0.1412530333391583	3.069154968940313	2.9988335928996626
gene_314	0.18218937500412796	3.9751249839083145	3.418456863941816
gene_315	0.2792508772472649	1.5144071363992764	3.7571548863997126
gene_316	0.2325365015172437	3.296081769278292	1.747088845414691
gene_317	0.17727781477517612	2.6736651965283595	0.2559110767676745
gene_318	0.2363768359825733	1.4469776918836708	1.6800269925677311
gene_319	0.2061583903385551	1.6773103957582745	9.267153470973641
gene_320	0.2625791375983671	1.9525983187760223	4.761338617229974
gene_321	0.1931686976847108	2.342374185764309	1.0407671749018688
gene_322	0.190107503785525	1.039834500211807	3.2537460071748345
gene_323	0.19942949661158133	2.0159864344770138	9.300158183063012
gene_324	0.1981711045973467	1.3477954735875328	3.345831346350839
gene_325	0.2308875893789043	2.3032065986362644	2.3221713806910733
gene_326	0.1872909242214316	1.6607979177943732	7.569552807951088
gene_327	0.13355340929587675	1.5164489685112434	5.201783371890888
gene_328	0.25770874217655204	1.486649590869489	5.270638967315901
gene_329	0.30585087667161465	2.2816390087585297	1.63987223355318
gene_330	0.11489925935884142	2.378446032419733	2.132653433451726
gene_331	0.2324202013055291	1.7059535309959404	1.3103742017733364
gene_332	0.2502691912772832	2.077455913188072	0.464807779083528
gene_333	0.15565138008986773	3.173107012132247	11.424856729429868
gene_334	0.32356895103143074	1.855951737857004	1.00606183382191
gene_335	0.14532796131477407	1.9194143984638223	1.5992800538283851
gene_336	0.13698947442736367	2.3275963515805467	3.718582777081021
gene_337	0.16035211699119992	1.545890058818817	3.4797337195691043
gene_338	0.2927159387970873	3.096112453352641	1.7903432835397086
gene_339	0.21784460901896965	1.408048389381259	1.0413988500004987
gene_340	0.2840704033476713	1.4031708957012654	1.202356435743165
gene_341	0.14961681777578986	3.049748700985415	1.1302039823505874
gene_342	0.31819411923409496	1.5061755286876055	1.6668303703858405
gene_343	0.2905505692541556	1.54717691471597	2.1103407582794182
gene_344	0.2297948966374731	2.0208573943413626	1.8258761981584544
gene_345	0.23475796463990925	3.1481502690076675	2.678591165410234
gene_346	0.11952391811030902	1.5196108242162472	1.1581951235129888
gene_347	0.24421154208767445	1.9727360208308335	3.9016885333914577
gene_348	0.24637926909114646	2.4643342716359715	12.917445902743461
gene_349	0.29269047357105515	1.7914514770175665	2.7318770115995687
gene_350	0.155044040881629	1.6097219381315164	2.4098186417149403
gene_351	0.12822826848076366	2.139394006828626	0.4826176529752953
gene_352	0.31073732255634096	1.2535038163304886	1.5097470060689628
gene_353	0.25389957784034617	2.813951252871608	6.321433041664928
gene_354	0.2673934701361417	1.5409024921254055	1.1240507793153214
gene_355	0.21478612223374174	2.2755195467338587	2.9144776903277796
gene_356	0.17041639012332266	2.620265140231736	0.9188076680930564
gene_357	0.1644335880493634	1.2163675887233176	1.9701478117857516
gene_358	0.19876934850272016	1.5633899115714038	12.847741058707427
gene_359	0.3255108041370638	2.3260346759121346	2.1701020510931848
gene_360	0.2379152460888897	1.2144984770477691	0.4293173789896476
gene_361	0.1890500236458129	1.790852792067959	1.9418824668020231
gene_362	0.22321198414547694	1.3786763185184634	2.024240496043278
gene_363	0.15194697079650382	2.8484194665353813	2.2386206971000115
gene_364	0.14523335539962645	1.9935893712071515	6.370842351735438
gene_365	0.15214865280496845	1.9184354180652368	5.045454255292835
gene_366	0.10995523525350964	3.9830641879616935	0.3206585807446644
gene_367	0.3037842602578484	3.3869704164738708	2.8968688464367185
gene_368	0.3413482678577168	1.9873017560899335	3.5791920662503336
gene_369	0.220454453656944	1.6724443777457565	6.421518391869322
gene_370	0.20032903712475147	2.8953155215963617	3.164080662889462
gene_371	0.14227480875439946	2.7711307107136744	2.280662024539482
gene_372	0.2188124504124749	2.452260470387751	4.790060265613934
gene_373	0.14435201145963966	1.2469944219443656	4.441542070114951
gene_374	0.16310546253702482	2.020119625640172	0.6335918963517871
gene_375	0.20656993579721644	2.251622083859054	1.9918058298996644
gene_376	0.29072243119847196	2.8028226092141413	0.7596459035380418
gene_377	0.2529239990409699	2.2476177726454543	5.8125644129748135
gene_378	0.2357782752027893	1.8175724010131813	6.238997952882088
gene_379	0.14042252348013978	1.8357577368550233	2.4968823171315724
gene_380	0.1431022090099687	1.7727372953193172	1.2083728175448183
gene_381	0.1696724020949575	2.167893570060932	2.8081506371922007
gene_382	0.27926397474816794	2.1526987061647067	2.718785715243048
gene_383	0.16301309680092615	1.4442608486772677	0.37513640435512297
gene_384	0.18682226379906788	1.3413854842583148	1.8731932891038616
gene_385	0.16827670276791296	1.1217427243275515	0.6621479340656482
gene_386	0.2460984270990393	2.1209255930008424	4.840808724006188
gene_387	0.14404451037792027	2.3204757659117083	0.609549598613619
gene_388	0.14771245498168695	3.3450494319573396	0.7615280796668368
gene_389	0.149260218874276	1.6278515469441823	0.3511937702701527
gene_390	0.17882630336871594	1.7900918750998558	6.4172391058298555
gene_391	0.20688217122087446	3.2741055300729625	2.474031770264878
gene_392	0.23593217482967174	1.1453579889952006	9.401467604450184
gene_393	0.15917276081274978	1.7494566112479983	5.5836584932789775
gene_394	0.2594555861789492	1.3278141803525354	2.6633175410794387
gene_395	0.2598797796914374	1.7453127468182963	7.143388993649197
gene_396	0.2330719864192368	1.7189708154261831	7.452204956369218
gene_397	0.21278703867894155	1.4489691946011805	2.2932844354158703
gene_398	0.32881882996859235	1.6242173044839616	1.073550484890278
gene_399	0.1609544049704719	1.6716438415517718	4.063231149259432
gene_400	0.2194763045953512	2.0855904525515143	7.474366645828117
gene_401	0.16014906985586866	1.0976902672431692	3.582849160978857
gene_402	0.2596785286877386	2.1434388082317244	1.1339191534302842
gene_403	0.2451837448028937	2.8165452483286737	0.7937256815384314
gene_404	0.19744389584406624	2.328685974784074	8.715466027984537
gene_405	0.15919189926273608	1.5196908119006214	6.321076796663178
gene_406	0.16664367559113435	1.48108306361187	1.2319880113585169
gene_407	0.18596506642968486	2.5763122201891004	5.5155688765376265
gene_408	0.2225068859315228	2.3545300372970384	0.4851037904652995
gene_409	0.15780287152694758	1.9138678932673436	0.4394117921353661
gene_410	0.14617161629320016	2.5960528711509943	1.0604533406535894
gene_411	0.2301956533392044	3.1938424327663903	1.7869356539836032
gene_412	0.1463502723614178	1.8675973863048076	9.230353646199084
gene_413	0.17293653354852265	4.010136034795687	8.019531865372247
gene_414	0.32344785685309463	2.206677126835999	0.9501128132523438
gene_415	0.2249926192536072	1.6671761134377991	2.2276034077191422
gene_416	0.2004463213469556	2.1972185676226017	0.7426035874878684
gene_417	0.18271114909227196	1.9010845880748888	2.7488111887504028
gene_418	0.2616111663970619	2.9476424605596563	2.366788273366645
gene_419	0.1378435536341977	1.6233506705542369	5.979089462968264
gene_420	0.4152292106005518	2.6345379750066518	10.75724194294111
gene_421	0.33332362795344084	2.3510432018269696	5.356571197954511
gene_422	0.1205498989513806	2.813646962535317	2.134739617151532
gene_423	0.2215331930102479	2.486463983548993	4.687955684164823
gene_424	0.10265293558735587	1.73159398096144	3.885857214428879
gene_425	0.13841286063037053	1.4090932682134631	2.809547532037961
gene_426	0.14263744050656066	1.851049885558832	0.566665623359316
gene_427	0.2640866583613133	1.9575099252174375	1.2565857652991383
gene_428	0.26833878645583464	2.7996547394472557	1.2187113778577938
gene_429	0.4226177065303049	1.8592581906755865	1.4631402844898038
gene_430	0.18625055441564148	1.4023079042050433	3.6841807095571535
gene_431	0.2655248280624898	2.190363843153501	12.253776185342574
gene_432	0.15912938695199472	1.874714660653538	0.43160695558128215
gene_433	0.2602350432854797	1.4309521106535636	0.3149602816062458
gene_434	0.2259490243048395	2.1057002849016806	1.352696697934751
gene_435	0.22197045643139807	1.982919258727276	1.8445527200408285
gene_436	0.12022179263531453	2.2995724374246147	0.3838075955771578
gene_437	0.2970741478484295	1.8289252092276584	26.55507530610829
gene_438	0.20428278833886704	1.6633273652405711	0.7045728411739233
gene_439	0.2769902132788956	1.955077992753938	1.3157917929014695
gene_440	0.1550953462727276	1.7703900615844856	0.774482837288926
gene_441	0.4112870269195104	1.7778446009569429	0.5046626678225424
gene_442	0.219196368275904	1.573730208154469	0.6224989528791861
gene_443	0.14906298911655882	2.470160708207888	1.8022994263635437
gene_444	0.14334673600093284	2.1613969276227354	3.5414802667682617
gene_445	0.16499673688687982	2.277736599483359	1.8876787610721573
gene_446	0.17760454757840333	1.9467157971550428	0.9708617257795712
gene_447	0.30325311312574993	2.207873382898971	3.0328863861076973
gene_448	0.19959637587279952	1.6639940974553806	0.7447649452996519
gene_449	0.2265926285819953	2.7456347309029856	1.765943749281722
gene_450	0.22028592019947094	2.1027711985977278	1.5895616263159476
gene_451	0.4138419765139307	2.0399850925575835	0.7595406591843336
gene_452	0.18235372235531755	3.475499860437928	2.5374035539884368
gene_453	0.24242783196116804	1.633625603046292	0.7462122803585399
gene_454	0.1880661909799073	2.271038708766952	6.240883770195147
gene_455	0.3197265608385069	3.5693584978333472	1.498612828614036
gene_456	0.16927694361641518	1.7610177935654987	3.7164315165802217
gene_457	0.187270004206126	1.7710822689162402	0.8635959978244022
gene_458	0.1502293910078522	1.5496773973850464	1.189132368594526
gene_459	0.21902072359651667	2.0589425520819318	1.98667791670447
gene_460	0.20545956422103512	3.694801724328712	3.2137282493259653
gene_461	0.2411616279691756	1.4981045367298402	2.225665355245512
gene_462	0.2261985364728891	2.1201556101621644	6.908247810830129
gene_463	0.18716311311864325	2.318129026730994	5.777293984680278
gene_464	0.15099673088836382	1.6275019130895718	6.1539206841868745
gene_465	0.19896957549626626	2.4365353003980443	1.7119295426536207
gene_466	0.1582410144322733	2.1951781319679213	1.0136595735804008
gene_467	0.29678021204558386	3.0511545463061296	3.5482873907772303
gene_468	0.17683791673239208	2.1148701905384697	6.3837810818330505
gene_469	0.3005562585090101	2.8672795502921167	0.692684219358512
gene_470	0.2533078653427369	2.8283885694399316	1.6184098889660643
gene_471	0.20574286432577094	1.430496746980615	5.281347760667182
gene_472	0.12801837764222182	2.355461670104858	2.7235041115914966
gene_473	0.2043659411533234	1.5382394186756014	0.9036258528650696
gene_474	0.1432671904875771	1.2736944873891989	1.9546887018434111
gene_475	0.1725990929496974	1.9212844409694088	0.9779852539328512
gene_476	0.14270887971429844	2.5482177836137043	8.991988447117501
gene_477	0.2760237508021044	2.0570746446024866	2.5296205469921498
gene_478	0.3057868848071349	1.7075415365840159	2.6893211215889
gene_479	0.16589213677123885	2.4538540508319757	2.363346704251513
gene_480	0.21255152862315294	1.805346198660314	5.865172934090634
gene_481	0.11497766420091345	3.7993630797453335	8.805846512336759
gene_482	0.2426728024281917	1.807567607302579	1.3804414600569492
gene_483	0.10973032762212552	2.3612437126013357	2.897517611247228
gene_484	0.14367482524852634	2.449715307603479	6.107423917368492
gene_485	0.15177789152068738	1.8358784831205357	2.4724746180537207
gene_486	0.2990017178998816	1.957284755810328	17.215839200139648
gene_487	0.45448647286266	1.7506437562647572	4.210962507162137
gene_488	0.258441340016567	2.7635257225104337	10.96316875688719
gene_489	0.295669706607444	1.4100572782436256	4.212633929794364
gene_490	0.1705676585469816	2.1576499327752887	4.59795595371183
gene_491	0.21991652822164476	1.8749069736701716	2.2904107072531623
gene_492	0.15675311533749428	1.1364088361774525	0.8802985807287049
gene_493	0.26838105802308443	2.1840948284829897	1.9702979139535939
gene_494	0.21320293293337786	2.272904942575503	5.661302449861591
gene_495	0.18896425386984575	2.567051738645012	2.0422787810348852
gene_496	0.1590890435349569	1.4002556488886622	0.4799261181122774
gene_497	0.2362351586597917	1.5730819171408044	3.819491587922293
gene_498	0.14112361237820562	2.0539101186079867	15.008910897494955
gene_499	0.1947422305847278	1.5045158670662295	1.3911691919966822
gene_500	0.19747319092795412	2.42599396192006	4.065903273695404
gene_501	0.17855150364378802	1.5772411103751365	1.7750052251329842
gene_502	0.28890776214508035	2.3202101926325382	2.9131306701171664
gene_503	0.17356337594819668	2.2376022581044355	2.183179707039657
gene_504	0.17374657834814605	1.6738184697497898	1.253312880507473
gene_505	0.12695628598686945	2.9792156078323764	2.466148726534922
gene_506	0.26730409539140165	2.1523522625068408	2.8329014379719233
gene_507	0.2272999093177216	2.9802398463408566	1.3470652679039248
gene_508	0.1826482421473692	1.8369682079764853	6.615809955303737
gene_509	0.1692466795785197	1.8696187683128416	0.6069005900628947
gene_510	0.11923837255170765	2.251594675788434	3.227697742698028
gene_511	0.13288853228015876	2.3016374691833787	1.075081907700275
gene_512	0.20464126543251893	1.719904333163324	3.9368071376978064
gene_513	0.20507236803093695	2.156628622611832	0.4955378377480356
gene_514	0.21461055282386096	2.360073383469995	0.6796092150143395
gene_515	0.11943556614113082	2.2936400436147757	2.7169474587788955
gene_516	0.13386903753150514	2.0815240751547184	1.4664805449515843
gene_517	0.11434872731197065	1.9182290405676448	1.508004907770088
gene_518	0.20445182289380276	3.0542778091081275	2.417729420501934
gene_519	0.21707295840171906	2.710528517167795	0.3730554994606526
gene_520	0.1633192851290602	1.4342597005268654	0.8947583847251894
gene_521	0.27136894966944003	2.4055658927442627	0.7921259165105596
gene_522	0.20367226505084268	3.0589403415635164	3.8731475891462064
gene_523	0.27109731961718786	1.5738455139496808	9.003724086103999
gene_524	0.3348855627190227	2.6661509992702794	1.3722928035932265
gene_525	0.298082759070834	2.2829465176839903	1.8510523010532745
gene_526	0.19567913815494575	1.7824496519729722	1.0588771049249994
gene_527	0.14038076304127495	1.6877028231465359	3.757400042290424
gene_528	0.12305100641747847	3.1167157596413646	0.5918743340680748
gene_529	0.16804595593462726	1.1780547656305864	6.713130716525968
gene_530	0.16367561983081075	1.774808574059137	2.360466287087445
gene_531	0.1465173050741099	1.5944768184533316	2.7482828702104043
gene_532	0.2339894563829121	1.5835379327719932	3.1146625612640615
gene_533	0.445728831286971	2.4077200134736936	0.3706180638780026
gene_534	0.274855678992358	1.3619760612134382	0.2533919411450598
gene_535	0.1865438681676152	2.0586140644780406	0.5693126994157852
gene_536	0.12153341051636693	2.01955366362337	1.307227595023135
gene_537	0.11667515682861652	2.156207562556008	0.20069056458218648
gene_538	0.3315558260557558	3.948540558022427	8.760079553378473
gene_539	0.2594516438561568	2.3396102581633667	2.5597830248390325
gene_540	0.18058568698787775	3.284567224525408	0.36367731089581495
gene_541	0.2062109826947316	1.7927804094893736	0.4483320593939336
gene_542	0.1083250559499233	2.178191931022897	1.2823167350441835
gene_543	0.18598905460725104	1.6506758259736014	2.175768307846513
gene_544	0.1730654216896686	1.6206855476234783	11.260221409772608
gene_545	0.17135712923338758	1.751997644796044	1.418242792845102
gene_546	0.17321367663037976	2.691073303078618	1.8173396730705067
gene_547	0.13849485269817927	1.2986528279681795	0.6583038669111239
gene_548	0.2295973606990358	2.8172975357303067	0.4742537820187638
gene_549	0.09092981094129776	1.6037811363526042	0.7412297044184932
gene_550	0.19781181820413288	4.993235444333052	4.284736065917231
gene_551	0.16260766612134708	1.7227563060494289	1.5461328119557094
gene_552	0.1068992996274826	2.6833315493675114	1.7596552719674796
gene_553	0.20827565766401565	3.199279432777936	1.6173776167393417
gene_554	0.3735796936281588	2.0460276420515924	3.081473358025981
gene_555	0.1594699477757633	1.817493190501788	1.4897782212089763
gene_556	0.22433843834556733	2.1272819729717125	1.6802485088193917
gene_557	0.2508301163265081	2.0001477495915303	2.5964350622098613
gene_558	0.20286320820324247	1.6738054067394157	0.7310063696506246
gene_559	0.15136528016688608	1.5896147293255156	1.8962692285713376
gene_560	0.2221875214343944	2.6285298584034265	5.65034324469231
gene_561	0.08989944012924111	2.94988395156318	2.5774901412620888
gene_562	0.2713702691837925	1.4399461689949442	16.741215594120902
gene_563	0.1590580473543921	2.0309260486963563	0.7714279847070616
gene_564	0.14297829561968872	3.2786912259416536	10.584372500938107
gene_565	0.2621343670487471	1.313647217974603	0.6419876464329847
gene_566	0.2302942334462801	1.4511480038148383	8.642974883476745
gene_567	0.19271850736767732	1.675409448239865	1.5894690635754924
gene_568	0.1378971935857349	2.320792473310643	3.0739457108564188
gene_569	0.13116105316231544	1.595789060034276	3.911720800341581
gene_570	0.2123359978246414	2.278415031139202	5.979242515240724
gene_571	0.20888088748511255	3.866436203776792	3.7999481615177375
gene_572	0.2941024708759841	1.1063910818738876	6.227546123239264
gene_573	0.195304481138468	3.2207174490654165	1.1760050570217984
gene_574	0.2536001439708898	3.0984458170953637	0.8674221386709999
gene_575	0.2422367407133656	1.8920454305801857	2.195181594626848
gene_576	0.1994424627540175	1.5859829566848205	13.875661944754732
gene_577	0.24229816858176326	1.7325612519904914	2.043103688148827
gene_578	0.3813383385691301	2.3525027417429145	9.25576232925947
gene_579	0.2629081169333761	4.974681494738848	0.5839901790282891
gene_580	0.2143302951366955	2.438583843600081	2.1248976668527133
gene_581	0.1434397060888616	3.173066829664893	0.9305741998356878
gene_582	0.11856693458964478	1.0975497802830774	1.262466976398177
gene_583	0.18920057529867115	1.5998739109116695	2.0497496421339547
gene_584	0.14906541053759742	1.883313646529576	1.8620687583045643
gene_585	0.1071347994407638	2.382136861642901	3.0899689547305886
gene_586	0.2095223981411153	2.6637091959232064	14.977949287260131
gene_587	0.20143582777873364	1.4806752041103228	1.243618765838863
gene_588	0.295862335133412	1.8196344878456552	3.188741193568341
gene_589	0.17729515753988642	2.3232546756237364	1.1338694533012963
gene_590	0.21550211814172732	1.5534549525775274	2.5209327923743534
gene_591	0.22266842547177434	1.6465660653971004	3.351778276408888
gene_592	0.22303416661857256	1.1571611021092298	2.1197292816248434
gene_593	0.1516036940770666	2.5628781256542754	9.210659878274264
gene_594	0.1673980607801087	2.06872471205028	4.012537364298372
gene_595	0.21149333813858148	1.8278348394815511	0.4812108370762918
gene_596	0.20056206110393493	2.737565164107216	0.6976172555908713
gene_597	0.1578191618280145	2.524489450804071	1.636544354241795
gene_598	0.17760469946741173	2.1751062015453884	1.7957818245475905
gene_599	0.25214530854046235	1.5424150053230357	18.100326196605387
gene_600	0.1376478550926182	2.2336053508828244	3.3818594603644003
gene_601	0.2679361155462268	1.7546628547315148	16.298601918414107
gene_602	0.16712001811896451	3.403518811682236	4.803364140669911
gene_603	0.1780956877727938	1.95647229293522	0.9154278164692934
gene_604	0.22631662513581016	2.073916602405709	2.06139902711477
gene_605	0.4033471393759948	1.954853295677568	0.8809937150872951
gene_606	0.2942536881577259	1.4312705244749633	2.178392362808667
gene_607	0.23296375852612214	2.3862733950876485	1.5020049561482625
gene_608	0.18030855671649346	1.194628097017084	1.9987642554892868
gene_609	0.17602829591340693	2.778195874157644	2.036819872673693
gene_610	0.14650812980421427	2.2054021325996054	3.4639708111306518
gene_611	0.229982441712317	1.5520746450500946	3.7531278388001104
gene_612	0.2264937131179507	2.3001679332224505	5.238035405560279
gene_613	0.1677763263149666	1.022953003481866	2.467110945749422
gene_614	0.22449973240658053	1.6459224088660782	4.723029563997243
gene_615	0.1844091837527104	3.0955572157759637	2.8722551067396176
gene_616	0.1435409068644758	1.7941564181401783	2.086568268020695
gene_617	0.23357765486452145	1.741552972810661	1.7713968101322228
gene_618	0.2321612359138239	2.544578262959633	10.324741829170971
gene_619	0.2917969871113111	2.5413808725555533	4.324290001106874
gene_620	0.12210181400718485	2.4606790558225007	2.8295499299494065
gene_621	0.19934959587462514	1.4784928706330234	2.6848650168346038
gene_622	0.1711415777826874	1.876257071613242	0.7417935628794452
gene_623	0.1994064765967474	3.402157669949243	6.7714614733875935
gene_624	0.1884246794566579	1.843486340323052	8.469654156492327
gene_625	0.15937636850544662	2.3008389192181555	2.81636123704116
gene_626	0.30523147046584753	2.0293952697223108	0.853676776559995
gene_627	0.11469811066205905	2.266805930409993	3.6939404038842434
gene_628	0.21138054614752205	1.5659423435831643	0.8706826350824598
gene_629	0.20384300141416914	1.7317032148540472	2.8083493642045343
gene_630	0.23746072594309475	2.0821121976563908	1.4116474775085186
gene_631	0.18430831396308	2.7989049083156003	1.5923378339018823
gene_632	0.25377628716642536	1.8291944866401195	2.1322160471789697
gene_633	0.2637061629124385	2.0944015581046256	8.459205119783613
gene_634	0.20109555133211487	2.4132573923272176	2.16732385733532
gene_635	0.2117413955140396	1.4667682933351789	2.934890198090889
gene_636	0.2515574997233828	2.9511703864855585	1.1833746155949316
gene_637	0.23810373109631505	1.5059951581780815	3.1721086771813165
gene_638	0.2092706013788424	1.503838168188568	7.04376518978021
gene_639	0.2361324852757134	2.186363854295585	3.2126089964072686
gene_640	0.1826346515957451	1.4231299357171907	0.254648387873862
gene_641	0.24211171214521515	3.1802229330473946	2.4862112970005343
gene_642	0.24409633775787734	1.895456139373527	2.11218592690534
gene_643	0.1996445274146116	2.5438540120739224	5.355455463931028
gene_644	0.1593933732098008	1.7850375492419883	3.751928739166665
gene_645	0.30645652733231543	1.929580724426544	4.118034547046103
gene_646	0.20924423850187168	2.2508365227970337	11.513374975060573
gene_647	0.2672544487725607	2.5316772594016217	1.0273837351524886
gene_648	0.24177100416712305	1.4229986441696905	1.0394343288542554
gene_649	0.1745643789574043	1.1941343815007859	5.937359578223617
gene_650	0.2701977823898541	2.795349851231628	6.012377166014674
gene_651	0.17067275950583974	2.601679509045677	1.494429219881421
gene_652	0.21784789442892594	3.033228674338293	0.9497281721887784
gene_653	0.21878781694998686	3.042238124109823	16.571994898966206
gene_654	0.2797974626015297	4.800870468099018	7.3729539899301075
gene_655	0.2727440948726845	1.692313149279558	0.5190619042760923
gene_656	0.1453466887330032	2.4427745442748208	4.0176593736807815
gene_657	0.2518750869756622	3.2509973051709387	24.55423605056247
gene_658	0.14667804909478024	4.147555794813661	6.95102356064137
gene_659	0.18603364310797432	1.913978724360691	1.5825092906167235
gene_660	0.2671489539373352	2.226822837238911	2.0155879050067957
gene_661	0.20582805457316236	1.4623688988218415	9.639937729829212
gene_662	0.1566488533807313	2.769041972914796	2.5721086065762835
gene_663	0.3419681386406798	3.132368277170356	2.170569996602811
gene_664	0.18506404829404194	1.7239872401011802	2.6769354932670946
gene_665	0.3331251888798618	1.6975663078753198	2.415041357158157
gene_666	0.225561539425226	1.8908193562182545	4.390632108241534
gene_667	0.2291057874363968	1.5345964905485745	1.3073021568051737
gene_668	0.16426831418243806	1.6675285030342442	1.3327745781411653
gene_669	0.14018525842833932	1.716317437821571	12.442971267963454
gene_670	0.3744327635827096	3.9179757220834937	2.41363486190118
gene_671	0.10369273573066796	1.4148439005376017	1.0630401433466743
gene_672	0.28544384808688866	1.4017643334773275	4.749037611866643
gene_673	0.16622757328010193	1.4917052624362972	0.7962288471936655
gene_674	0.12221476711232546	1.3707842368957075	1.9794187281680808
gene_675	0.24621082174088596	2.296933784037458	0.7917321371625125
gene_676	0.22012876595076228	2.5264325373717686	3.5164831615749312
gene_677	0.22121730928041974	1.561409473305854	7.699157550250857
gene_678	0.32881910993641555	1.2716793892682592	4.255346600573889
gene_679	0.19187052698378632	1.6592200619472055	12.583868739606178
gene_680	0.12913634700470594	1.5860056876329276	0.2896151131219044
gene_681	0.2071250113626236	1.8582515394521064	1.7070216530113471
gene_682	0.17359402028396936	1.6740432763906583	0.8778355165473024
gene_683	0.15959401110181126	2.3319424039134957	0.7705238361410504
gene_684	0.35493232198898544	1.1006190710050414	2.031423210221992
gene_685	0.2218435983379736	2.7609155171312127	0.943619437262136
gene_686	0.1879284150352636	3.945342639401925	1.6781119983824937
gene_687	0.1267183645539304	2.688377323365956	2.5914057721251202
gene_688	0.2080940497602179	1.4288806438637651	0.4484266447370057
gene_689	0.17349914632312868	4.250415544232964	1.855053036328524
gene_690	0.24712512202287004	1.567828384085329	0.9528902344428128
gene_691	0.2465531216208712	3.4010409811039835	1.2424206872478802
gene_692	0.24539290390243396	2.0222263217434344	0.7714661239777619
gene_693	0.18630384987182	1.6136670280248546	0.5587788068322743
gene_694	0.3614660957074498	1.5898168218157849	0.638574210042151
gene_695	0.14408732506361766	2.6962308198545117	1.2403616420202104
gene_696	0.16209238487063415	2.43524980812488	2.0284526026147582
gene_697	0.13297168665480746	2.5027299094161437	1.3684187838496846
gene_698	0.3080823645949798	2.408054125102153	5.387472251266665
gene_699	0.2492169554044031	3.228470056585844	3.199670565432014
gene_700	0.2664177330261754	1.5787573459592656	1.7158312646878573
gene_701	0.4541801898499436	2.123494261543104	2.868273576089289
gene_702	0.17779472765649448	2.614253393142266	2.6545007811190753
gene_703	0.15904457081493767	1.976273107281576	1.2612298319669792
gene_704	0.22717911638004026	2.0073149599142384	2.3054083304718525
gene_705	0.20866410185332715	1.6881404143666374	0.9624326090422772
gene_706	0.15656334973957595	1.7301585382247784	2.4980972493189255
gene_707	0.220401191932674	1.8891040742505567	2.646131563291792
gene_708	0.3296830458302979	2.2968421142081987	0.3235666236620009
gene_709	0.18280052843744016	2.093712863827749	0.9757054814961164
gene_710	0.19376075586817587	2.2185127556223185	2.632846838550787
gene_711	0.1302788228680832	2.230740764292886	5.4406240900387255
gene_712	0.13355833461392666	2.137096516139948	0.7142812187542139
gene_713	0.15234518456875434	1.5312612413249642	4.735916088821544
gene_714	0.3118038335539054	2.852103293998795	0.4545473008887271
gene_715	0.12120118288271138	1.4496115427766048	2.181959688276768
gene_716	0.21257872427247407	1.391093839490739	3.7048998520426637
gene_717	0.22083202996877194	1.7384478400258985	1.0349743822245736
gene_718	0.22539749287084115	2.2471639551594937	3.182920066121085
gene_719	0.16478267963349896	1.8799521785919844	3.517050652566406
gene_720	0.1996045508705389	1.5459121577168975	0.4877650979049573
gene_721	0.2824643716143489	2.107737763479097	0.9940085386340749
gene_722	0.1300736566777378	2.7051071912936697	3.1794095480531066
gene_723	0.2285424109028471	2.0103123548875157	3.035665600789061
gene_724	0.2791643331448923	1.5970217651630014	5.152624118949879
gene_725	0.17205460412228113	1.3113126951464829	2.276196598481164
gene_726	0.2483242664919353	2.7355822690321285	0.2186380109089014
gene_727	0.1333604108529772	1.4275121856519546	1.4376187387112616
gene_728	0.351506204720377	3.164683042009536	9.09545225325276
gene_729	0.17503754327861046	1.9804208789225182	2.418629544187928
gene_730	0.2517764615520925	2.8400029409486893	7.333043516706502
gene_731	0.19749318720190426	1.7794041787154828	2.115514247663061
gene_732	0.17324408571440428	2.129929509372225	4.562585274901547
gene_733	0.3030470581241357	2.063701075176102	1.0261040354135214
gene_734	0.1667462048955262	1.9280360811434365	18.956615407570585
gene_735	0.16306420836507576	2.022745074394165	0.15461362438721268
gene_736	0.214131365018548	2.344233599493191	0.3635008918422094
gene_737	0.20714047063118915	1.5198584203589869	1.2799384821273054
gene_738	0.18023794283828865	2.1124349562960285	6.262653748338858
gene_739	0.2433800924318532	2.8656020891508382	5.131161589170844
gene_740	0.1410397903497938	2.189721055552807	3.433118559781384
gene_741	0.1531721209457415	2.126761587604131	1.3147031818156627
gene_742	0.1542681404870148	1.9715461320444647	1.9309107004252437
gene_743	0.17158576069169093	3.211758328114928	1.405488717173485
gene_744	0.1938208050256471	2.797385204623993	1.3982102284217617
gene_745	0.2253735931772168	1.5246812895743769	3.35813808898929
gene_746	0.2325951802678314	2.1563523618520297	1.742178721490537
gene_747	0.2496814541070886	2.393311021579849	4.1490568499559535
gene_748	0.2269823351689771	1.7369194733221431	1.9616285711828432
gene_749	0.31841655708827543	1.7934992342591405	0.9843835530446602
gene_750	0.11662055203782358	3.555900946239201	5.6690769477073095
gene_751	0.18493134404295566	2.9308774026372006	0.7853565982095821
gene_752	0.2591468783228191	1.5222842188046652	1.407463493455004
gene_753	0.16028651286690965	1.5652987928079858	1.2409625936433206
gene_754	0.20290518649546266	2.3682652406310845	6.090094041700999
gene_755	0.2837647579489001	1.3080074731709634	1.9231189280431744
gene_756	0.29925983224278885	1.7192163811378811	1.873748968729085
gene_757	0.25396106216681125	1.0051613786066542	5.789505254344577
