8.092401978790404460e-01
1.739320826425465150e+00
2.241045280948178453e-01
3.706930012372375294e-01
3.441060751013402363e+00
4.231333839555030174e+00
3.681514710884443153e-01
6.703913067747542254e-01
2.472437092256521141e-01
3.866219168970367548e+00
2.262921009562787855e+00
4.331927713219277942e-01
1.901520469650541889e+00
7.291833980672698168e+00
9.415414822399957862e-01
3.048630177776811001e-01
1.272753205251069941e+00
1.960441625887904937e+00
4.210949782348971659e-01
9.721526611735484824e-01
2.451804220054429884e+00
3.320311774670153815e-01
9.700566188290871139e-01
4.838929079152751278e+00
8.682285532541312634e+00
1.245218414663251227e+00
3.365667691306772902e-01
1.766485357660911859e+00
6.699525783418143199e-01
3.752496839984734711e-01
8.763739635083011015e-01
2.928362258526074346e-01
2.691628123550679486e-01
4.764344556237146144e-01
2.991503016438735174e-01
1.456720019836084790e+00
1.303309931657360643e+00
4.550373423957428387e-01
5.043822673731962469e-01
9.432272480357943856e-01
1.861730607403373261e+00
4.784385717247300995e+00
6.328114553566586142e-01
3.549574734759943340e+00
2.591292404432626206e+00
3.623517109779635370e-01
1.676595806716651538e+00
3.420989187191303404e-01
1.380644543993972073e+00
8.384733373462414097e-01
1.110145715203702643e+00
4.558634208912232810e-01
8.913329484903952382e-01
8.229090579130831085e-01
2.440697292414956365e+00
1.815550102491293449e+00
2.023713293568926985e-01
2.045645470253182885e-01
1.349095019988954203e+00
3.285912135712647508e-01
7.588205963493531714e-01
3.764007806660657485e-01
1.536528676988810016e+00
1.409472606270099959e+00
1.442226451071362270e-01
1.416055578940683235e+00
2.859773650903720821e+00
1.817717312249364392e+00
8.842324367662548479e-01
9.208749822927948525e-01
5.192260994806410679e+00
1.282644322073031695e+00
5.219294040959180370e-01
2.736920410179127128e+00
9.476813536514107073e-01
1.193117118971966262e+00
8.411403453231593996e-01
5.918046020837679499e-01
3.017964118717189059e-01
1.393316831510758691e+00
2.371124824674484544e-01
6.077039905990079260e-01
9.211598546248298547e-01
2.011398255985288319e+00
5.854994299889779263e+00
4.565118632430883672e+00
1.600144148082110362e+00
1.492342054480831459e+00
1.573301126172786280e+00
7.749277012610187310e-01
3.650867227939073700e+00
2.676812633941659580e+00
6.007216611214244439e-01
8.211500829625305586e-01
9.336059755624200873e-01
3.469936575585137462e-01
2.849657848656470538e+00
6.883961384849286436e-01
9.268432443029280821e-01
1.419027721078227833e+00
1.067834466799056914e+00
2.352939843612330773e+00
1.651779869042821147e+00
5.971925105092191766e-01
3.305356294761347069e+00
1.318624010633645982e+00
4.224957382729163657e-01
3.997195154654119564e-01
1.256994798402531588e+00
6.281624547504736089e-01
1.391468722782046363e+00
1.325007595933659132e+00
5.660643578131968612e-01
3.611379865129723754e+00
1.380505720858168361e+00
2.377752324348596957e+00
5.571368706816350880e-01
9.582150502865515174e-01
2.042293487113690187e+00
5.309620421152254188e+00
3.862108641871775938e-01
1.411918626180709957e+00
4.994917031837759480e-01
7.502102498739017244e-01
3.529952882791074775e-01
7.471820044646001469e-01
1.471777057911936470e+00
4.455526337116635816e+00
4.963235911481367335e-01
6.972574559247060044e-01
3.550512225970124391e-01
8.200742460480072715e-01
2.988455297088454254e-01
3.819246106472309776e+00
5.926423838879559813e-01
1.115100719187988032e+00
1.825987303110690574e+00
2.277901822908563023e+00
7.765465202615408069e-01
3.905610748631797025e-01
5.053447818564982263e-01
3.247328696584415919e+00
1.474019718689624447e+00
1.447296806186360918e+00
5.037505115334272032e-01
8.715552383655074120e-01
9.665945020283341904e-01
2.287074716328921564e+00
1.723797058236884672e+00
5.836637264029068684e-01
1.250083923674398800e+00
9.665361236807756828e-01
6.578605662987367930e-01
1.351241604276015140e+00
1.096993540300406744e+00
1.976248886356022139e+00
1.210793265639016569e+00
1.303857021335073307e+00
4.132854331875208120e-01
9.422386780049815114e-01
1.180612873011137376e+00
2.569721632386155807e+00
4.879243913553841794e-01
8.083096021171100043e-01
4.439634961129831359e-01
6.733255069828335548e-01
6.576969410338137090e-01
3.292442548969954363e-01
1.410621118397663132e+00
3.109461586498615260e-01
4.439753139030237605e+00
9.225627251835550879e-01
3.620688953410023947e-01
2.840567259229512809e-01
1.252251186731141219e+00
3.435509166242832979e+00
1.076180886024337147e+00
4.985335015128247171e-01
4.228170042988407040e+00
2.215047040343117446e-01
1.187230137002443842e+00
2.470234477764903236e-01
3.173966636422012044e-01
4.658232952409566252e+00
2.016821098944504342e+00
3.117235348328566413e-01
1.889845900933618150e+00
2.123664219244185136e-01
1.060792516063625346e+00
6.502199651760501853e-01
7.226606338659026241e-01
4.696412797726481347e-01
2.704364362717522230e+00
1.226378156002178921e+00
1.162550393539788063e+00
2.062504783201116076e+00
1.490758658536730952e+00
2.967154164950301931e-01
1.608006782908090404e+00
4.517215898756001824e-01
2.377395037462771421e-01
4.311459684936113645e-01
1.387522880677305004e+00
7.670139893219729554e-01
1.988300833821426306e+00
8.709696614909039347e-01
6.098719234906746500e-01
2.923167188705248498e-01
1.171083189141296277e+00
2.640953470662853242e+00
4.917060759425593286e-01
1.498244877275573428e+00
6.131959691979931293e-01
8.343985357689064353e-01
4.684697744574703449e-01
1.268676551540970587e+00
4.672491833882021162e+00
1.781241060576877588e+00
4.743876747933948312e-01
3.381648660199984557e-01
9.378750369343172855e-01
1.139051775150364820e+00
1.266925353891639183e+00
6.841687615063299921e-01
5.064319413470820264e-01
5.459233411539943237e-01
7.361227793132280040e-01
3.602458531157500254e-01
7.036579151740262050e-01
1.592088001998958724e+00
8.627061594614235940e-01
5.730239892030203341e-01
6.479095603943545445e-01
3.430828318315684022e-01
1.952337535936170987e+00
3.076595733572731195e-01
1.344957839687962453e+00
6.964272588991831103e-01
9.217613999226981214e-01
6.192343618627639268e-01
1.603494482779465269e+00
1.254286016092195366e+00
1.508440268422606145e+00
4.134617711926219741e+00
4.944056113479982639e-01
1.480700624768436668e+00
3.289297455727402397e+00
1.578736286318153770e+00
6.612082058439346932e-01
6.089774185712313326e-01
1.969183290816094445e+00
1.066461530856792184e+00
5.057716890319381431e-01
4.365924544768665427e+00
1.849012680011072218e+00
5.105349277512690742e-01
1.357540626818921181e+00
2.721948347040710647e+00
7.779034598379934717e-01
3.905234965521465207e-01
2.120702525449413844e+00
5.339633365953297961e-01
1.884055575850526631e+00
7.921720876428107738e-01
3.706088499832306260e-01
8.994729028081662747e-01
4.071372120228509139e+00
2.143240700004620969e+00
1.291193658324070626e+00
1.239839207834445567e+00
8.940279417427886566e-01
3.399486277893662978e-01
1.735133699225317183e-01
6.674831787155499629e-01
2.571327225761049218e-01
7.864483817717187186e-01
4.789418516068795206e-01
7.278149518734442491e-01
2.944432519791419178e+00
1.906473416772252460e-01
3.784258358315120141e-01
2.682190690900470464e+00
1.884685644314686881e+00
3.569888774178542890e-01
2.450310694946478962e-01
1.073475053752099423e-01
2.829864102690909711e+00
1.326338118158737922e+00
1.082954021911653131e+00
2.033679550207149855e+00
7.849765109670659990e-01
2.969385301808367128e-01
1.128027688646616733e+00
1.102141172567393745e+00
1.203825656119148713e+00
2.096493906740251045e+00
9.523830360517718807e-01
5.913694264483477792e-01
4.750164994934486518e-01
4.669197708617367493e-01
1.437683659327842811e+00
4.281382917808993049e+00
5.445353668087949961e-01
1.396636191209922329e+00
7.822273957870106154e-01
5.919977072628759274e-01
1.741428580523886493e+00
1.129198602250978567e+00
7.919002941311110710e-01
1.142803713312950498e+00
1.941641585277634474e-01
8.465170068694108929e-01
2.236212572767348750e+00
2.332443772590340192e-01
2.851814682783176291e+00
3.010541998862005242e-01
3.404425967396061403e-01
4.325718765535334853e+00
1.554173244301638057e+00
8.567931080293068602e-01
8.279413789929320755e-01
1.032944461336634978e+00
1.188192151378677286e+00
7.306424405225411256e-01
7.135893692947570255e-01
2.744317391441689402e+00
9.747232432859858076e-01
5.804859497517901312e-01
4.198074557053507183e-01
1.011539169457694287e+00
2.137890574309901925e+00
4.103365992015073349e-01
4.970639871723355752e-01
7.894697327480413307e-01
1.764705089524358561e+00
2.314046097986567574e+00
5.304650364264238416e-01
4.751507578969828005e-01
1.738252357552870997e+00
5.349704157279943084e-01
2.780671196042750370e+00
9.461202056483125622e-01
5.357754873027612552e-01
1.545826617268328373e+00
6.374154884428955281e-01
4.648550370266035237e-01
5.412576680185975375e-01
5.483758887487730771e-01
9.106380758026698663e-01
9.307501229170506152e-01
4.788191615971676418e-01
1.331583930361888601e+00
1.519626883454717081e+00
9.608109448033587130e-01
7.839757360734622704e-01
4.146678536587503627e-01
4.669259353273290114e-01
3.233185382155251641e+00
1.394911715455492640e+00
8.960317034417906168e-01
4.932933953885997869e-01
1.043971867623149752e+00
2.595694612478259167e+00
3.885235809668618590e+00
8.145947899578573903e-01
1.338412288469648770e+00
1.098703853760018490e+01
1.769088037758874243e+00
3.443724365892374406e-01
2.077829587254817145e+00
5.593852045903661141e-01
1.881837373552843307e+00
1.871788470013421746e+00
2.590521989044975548e+00
6.097570589054628343e-01
5.283720090958087257e-01
3.199019112687194077e+00
6.300830505608114862e-01
1.116815209091535088e+00
3.635517872519255511e-01
9.683271117941080197e-01
1.216952037298119516e+00
3.246848924446640527e+00
7.344638138147147055e-01
2.150967399505865352e+00
2.436839248191023710e+00
1.711028870155005377e+00
3.533952659988487621e+00
2.583523134127441168e-01
3.739865502936998154e-01
1.256064728392891849e+00
1.383071716256558892e+00
8.666874353473599246e-01
2.854860755365625113e+00
1.329531387175697521e+00
3.696181266434929724e-01
1.968036564202325867e+00
1.537101625893235290e+00
3.136246644637124881e+00
5.156659263898894174e+00
1.096894058839525510e+00
1.485589481325682693e+00
3.459205907341935227e+00
4.754731816472553274e-01
1.446441266190674924e+00
3.916032185490320727e-01
2.884118725601971800e-01
9.597187578930465035e-01
2.099586268535047928e+00
4.908031191741124566e+00
1.358684924177891329e+00
2.760324730078700828e+00
8.471975618587522794e-01
7.581966998662509338e-01
5.449001319911837005e-01
1.716624038505634608e+00
3.797328973162289456e-01
6.904853680239935176e-01
1.563248489130544927e+00
3.154428296299816026e-01
3.732694354764525824e-01
3.361958814043028432e-01
7.050507185644708796e-01
8.043441040839882650e-01
1.443818172573229219e+01
2.517918235921214887e+00
3.253402561827333228e-01
5.050891839884030787e+00
1.668857041832693566e+00
3.145839598752551591e+00
9.979196827973226824e-01
4.188691216872319600e+00
6.095183137645847626e-01
3.774411031519861459e-01
8.225834857579569226e-01
8.979030359325048671e-01
1.494702877058292856e+00
1.214171328225618796e+00
3.235917010837378593e-01
5.603489993586721063e-01
7.101243847937667164e-01
5.702748629040245154e-01
2.788837307145219491e+00
1.187771639139982183e+00
9.218766239257458750e-01
3.812775943393643119e-01
2.885976562204598528e-01
9.324245188708114584e-01
3.178958576922068069e+00
2.278814433843106002e+00
2.495400147467949914e+00
3.854511135190503701e+00
9.900685169386241880e-01
5.639789422664424068e-01
1.225850220476689012e+00
1.515342223874980965e+00
2.053291109851454355e+00
7.234418390002040899e-01
4.106075157947075560e+00
1.412631731069077912e+00
1.123231120155008922e+00
1.514545784097777625e+00
8.588567713609587262e-01
7.034772461734140059e-01
3.998082911756337232e+00
6.824668656652791432e-01
6.353114389567350306e-01
3.930972726209202239e+00
1.647432770355055975e+00
2.369492600447739239e+00
9.142788540636794803e-01
4.505079691034975298e+00
4.823410351497239290e-01
3.577193481924201723e+00
8.951263532149634772e-01
2.021852138877465510e+00
1.059644253759864485e+00
8.864878554420801970e-01
1.580725783428245768e+00
1.147835920285974254e+00
6.624500699068363030e-01
5.528701049647971599e-01
5.220158808561377040e-01
2.730764784391977451e-01
1.125178871592081853e+00
1.947951100884124376e+00
1.994390423867853590e+00
4.943556469234040573e-01
9.967723177645814170e-01
1.230936509780657939e+00
8.794725894393380372e-01
8.347163551137765092e-01
1.051663438875830137e+00
7.761317107569416507e-01
2.828431649503265088e+00
3.833112038288477574e-01
5.147497338398191458e-01
1.193650981819982304e+00
5.849356326828423214e+00
5.850189998798588364e-01
7.626291448758711899e-01
1.257907479889351032e+00
5.271324129351465659e-01
5.522061645885916192e-01
2.877280598730734829e-01
1.088973461670247334e+00
1.887671347689115153e+00
3.602813660739289103e-01
8.159039272176179525e-01
7.153399768854633578e-01
1.738175078319109224e+00
7.490023372527616630e-01
2.867357872284860831e-01
2.240463616222197363e+00
2.551064092659856453e+00
6.942855883286579433e-01
1.652816441228833089e+00
1.299917415000122700e+00
2.923115172339547208e+00
1.932350338597312200e+00
3.203589942336193541e-01
6.402993897891222641e-01
1.346383705545735943e+00
1.054408739573567955e+00
7.447666537795535335e-01
5.986902901097115759e+00
5.780960710802017788e-01
3.529694907280457095e+00
3.518338668633699928e+00
2.533476528380023685e-01
2.090075572519372926e+00
7.032276490662942026e-01
8.778205816709173659e-01
1.549822644234035929e+00
3.016565698806866203e-01
3.568490963888961143e-01
6.167125250060343511e-01
8.841844135202131527e-01
8.991998270622526546e-01
1.033036245546390397e+00
6.752064707031478763e-01
1.832280421244194324e+00
3.362634696089887854e+00
8.518911733415327481e-01
2.952415614716168424e+00
1.035866424234393790e+00
6.605263006961920036e-01
4.813477594102952839e-01
8.131225005412040518e-01
1.770381553723990420e+00
1.218253497184524470e+00
1.023082873717410246e+00
1.717795701425641974e+00
1.026595816025346775e+00
1.135200477273916597e+00
1.161158715526457108e+00
8.642868580481807284e-01
8.708806182471490187e-01
1.860469399812755054e+00
1.908995856205020658e+00
9.009726311015300304e-01
1.110563150779593666e+00
1.113755824899210323e+00
5.136369007592229696e-01
2.373960188025832085e+00
2.370540226851535426e+00
8.471730053435362340e-01
2.499543870849257221e+00
8.246589698069826113e-01
6.223874978938718217e-01
6.757133940212483036e-01
1.219189867644262931e-01
1.376964561712015422e+00
9.860905856325090646e-01
6.027577627732364496e-01
1.172175388041057031e+00
1.651647283990717252e+00
3.026783916017249387e-01
1.266260403038841131e+00
3.022252618934596069e-01
5.183844922157393453e-01
5.860905739828295991e-01
1.048772824862960196e+00
1.842580245276154716e-01
2.095565190916884202e+00
9.775320908503734030e-01
7.335764524203883807e-01
7.055979101417017008e-01
4.037915764770159122e-01
2.245522018174480827e+00
1.457482696236217290e+00
3.344994762989949688e+00
7.233982921321964188e-01
1.060053481782927021e+00
4.210489503402677358e-01
1.060248764882481654e+00
5.815747020574263404e-01
7.709890816743530939e-01
1.856661212696521623e+00
2.057648297779975710e+00
